Tarih,Hisse,open,high,low,close,volume,YuksekKapanis_Fark,AcilisKapanis_Fark,AcilisKapanisFark_Ort,AcilisKapanisFark_OrtalamayaGoreDegisim,AcilisKapanisFarkOrt_MaxSon10,HacimOrtalama,%Hacim_HacimOrtalama,Fark_Orani,Kosul,rsi,MACD_12_26_9,MACDs_12_26_9,MACDh_12_26_9,Tarih1,prev_close,%Deg,isPivot,pointpos,direnc,destek,Tsinyal_Banker_Dip,Tsinyal_Banker_DipKarar
07-10-2026 07:00,DUNYH,29.16,30.24,28.86,30.24,1478291.0,0.0,1.08,0.11,900.0,1.08,183477.9,705.71,0.0,True,70.47,0.21,-0.38,0.59,2026-10-07,27.5,9.96,0,,35.2,23.74,False,False
07-10-2026 07:00,KCAER,10.4,10.63,10.26,10.59,4942332.0,0.04,0.19,0.01,3066.67,0.19,1189458.7,315.51,0.21,True,55.68,-0.05,-0.07,0.01,2026-10-07,10.36,2.22,0,,10.79,10.45,True,True
07-10-2026 07:00,GMTAS,45.02,48.28,44.92,48.28,4803666.0,0.0,3.26,0.12,2710.34,3.26,1053038.2,356.17,0.0,True,60.06,-1.01,-1.31,0.3,2026-10-07,43.9,9.98,0,,51.85,42.82,True,True
07-10-2026 07:00,DMRGD,8.43,8.71,8.39,8.7,5892662.0,0.01,0.27,0.06,350.0,0.27,1910034.5,208.51,0.04,True,79.37,0.28,0.23,0.05,2026-10-07,8.43,3.2,0,,10.37,7.52,False,False
07-10-2026 07:00,AKSUE,16.94,18.23,16.53,18.17,1240073.0,0.06,1.23,0.2,502.94,1.23,358731.2,245.68,0.05,True,81.5,0.45,0.29,0.16,2026-10-07,16.93,7.32,0,,19.75,15.02,False,False
07-10-2026 07:00,RTALB,2.28,2.42,2.22,2.42,26703914.0,0.0,0.14,0.01,976.92,0.14,12232929.4,118.3,0.0,True,71.12,0.08,0.07,0.0,2026-10-07,2.2,10.0,0,,ATH,2.07,False,False
07-10-2026 07:00,SEGMN,23.08,23.94,22.58,23.94,1010641.0,0.0,0.86,0.18,383.15,0.86,453942.9,122.64,0.0,True,80.34,0.99,0.62,0.38,2026-10-07,21.78,9.92,0,,27.96,17.11,False,False
07-10-2026 07:00,CVKMD,12.33,12.68,12.3,12.59,8561735.0,0.09,0.26,0.03,796.55,0.26,2837713.9,201.71,0.35,True,53.97,-0.05,-0.05,0.01,2026-10-07,12.37,1.78,0,,13.09,12.25,False,False
07-10-2026 07:00,AVHOL,26.72,27.26,26.64,27.12,200988.0,0.14,0.4,0.06,545.16,0.4,57559.3,249.18,0.35,True,67.84,0.24,0.21,0.03,2026-10-07,26.66,1.73,0,,ATH,25.56,False,False
07-10-2026 07:00,ANGEN,8.05,8.68,8.05,8.63,6795609.0,0.05,0.58,0.06,820.63,0.58,2068928.2,228.46,0.09,True,71.81,0.23,0.24,-0.01,2026-10-07,8.01,7.74,0,,ATH,7.62,False,False
07-10-2026 07:00,KLRHO,13.9,14.98,13.8,14.98,8635650.0,0.0,1.08,0.11,900.0,1.08,1515051.4,469.99,0.0,True,94.41,0.68,0.6,0.08,2026-10-07,13.62,9.99,0,,15.46,10.16,False,False
07-10-2026 07:00,SOKE,7.0,7.62,7.0,7.59,4996909.0,0.03,0.59,0.05,1013.21,0.59,2143058.7,133.17,0.05,True,76.4,0.21,0.17,0.04,2026-10-07,6.97,8.9,0,,8.35,5.85,False,False
07-10-2026 07:00,IZENR,3.92,4.03,3.92,4.02,3213152.0,0.01,0.1,0.01,733.33,0.1,958586.3,235.2,0.1,True,62.62,0.02,0.02,-0.0,2026-10-07,3.91,2.81,0,,4.12,3.86,False,False
07-10-2026 07:00,BAYRK,2.72,2.96,2.71,2.93,7113619.0,0.03,0.21,0.01,1300.0,0.21,995098.6,614.87,0.14,True,70.47,-0.0,-0.01,0.01,2026-10-07,2.72,7.72,0,,3.02,2.76,False,False
07-10-2026 07:00,ULUUN,6.64,7.05,6.58,7.04,10313630.0,0.01,0.4,0.05,733.33,0.4,2496648.8,313.1,0.02,True,83.37,0.19,0.14,0.05,2026-10-07,6.64,6.02,0,,7.17,5.96,False,False
07-10-2026 07:00,IZFAS,9.48,11.58,9.48,11.58,16938038.0,0.0,2.1,0.21,900.0,2.1,1711480.9,889.67,0.0,True,50.17,-0.74,-0.89,0.15,2026-10-07,10.53,9.97,0,,11.7,10.53,True,True
07-10-2026 07:00,VAKFA,9.05,9.21,9.0,9.19,2521099.0,0.02,0.14,0.01,1900.0,0.14,557802.2,351.97,0.14,True,63.41,-0.0,-0.01,0.01,2026-10-07,9.02,1.88,0,,9.2,8.97,False,False
07-10-2026 07:00,BULGS,13.9,14.33,13.56,14.33,1020906.0,0.0,0.43,0.04,900.0,0.43,167739.1,508.63,0.0,True,82.79,0.38,0.2,0.18,2026-10-07,13.03,9.98,0,,15.52,11.67,False,False
07-10-2026 07:00,INFO,1.25,1.26,1.2,1.26,12007378.0,0.0,0.01,0.0,900.0,0.01,2054562.0,484.43,0.0,True,95.59,0.07,0.06,0.01,2026-10-07,1.15,9.57,0,,1.31,1.05,False,False
07-10-2026 07:00,GEREL,20.88,21.64,20.5,21.64,4713765.0,0.0,0.76,0.15,417.01,0.76,989075.3,376.58,0.0,True,76.21,0.41,0.06,0.35,2026-10-07,19.69,9.9,0,,30.0,17.02,False,False
06-10-2026 15:00,CCOLA,81.3,82.1,81.3,82.1,1305350.0,0.0,0.8,0.16,400.0,0.8,706542.1,84.75,0.0,True,76.0,0.79,0.69,0.1,2026-10-06,80.15,2.43,0,,ATH,77.35,False,False
06-10-2026 14:00,KLYPV,54.05,54.25,53.75,54.2,130087.0,0.05,0.15,0.02,650.0,0.15,69748.4,86.51,0.33,True,49.52,0.03,0.12,-0.09,2026-10-06,54.25,-0.09,0,,57.0,53.65,False,False
06-10-2026 14:00,MASFN,36.86,37.6,36.7,37.52,1186932.0,0.08,0.66,0.04,1733.33,0.66,336697.8,252.52,0.12,True,49.24,-0.29,-0.26,-0.03,2026-10-06,37.1,1.13,0,,39.54,36.28,False,False
06-10-2026 14:00,METRO,7.67,7.82,7.63,7.81,671518.0,0.01,0.14,0.01,2233.33,0.14,341372.2,96.71,0.07,True,61.15,0.09,0.13,-0.04,2026-10-06,7.85,-0.51,0,,8.16,6.42,False,False
06-10-2026 14:00,MHRGY,1.8,1.82,1.8,1.82,776478.0,0.0,0.02,0.0,566.67,0.02,344372.0,125.48,0.0,True,48.47,-0.0,-0.0,-0.0,2026-10-06,1.8,1.11,0,,1.94,1.79,False,False
06-10-2026 14:00,MIATK,27.82,30.24,27.8,30.24,29821837.0,0.0,2.42,0.23,970.8,2.42,7842087.2,280.28,0.0,True,72.55,1.23,1.2,0.03,2026-10-06,27.5,9.96,0,,ATH,20.86,False,False
06-10-2026 13:00,AHGAZ,45.26,47.3,45.12,46.8,1814136.0,0.5,1.54,0.07,2038.89,1.54,632837.8,186.67,0.32,True,66.73,0.35,0.41,-0.06,2026-10-06,45.98,1.78,0,,ATH,40.66,False,False
06-10-2026 13:00,SEYKM,2.97,3.15,2.94,3.15,270678.0,0.0,0.18,0.01,2150.0,0.18,83390.5,224.59,0.0,True,62.29,0.02,0.02,-0.01,2026-10-06,3.03,3.96,0,,3.3,2.91,False,False
06-10-2026 12:00,IHLGM,1.2,1.21,1.19,1.21,1827220.0,0.0,0.01,0.0,900.0,0.01,815708.7,124.0,0.0,True,53.39,0.0,0.0,0.0,2026-10-06,1.2,0.83,0,,1.24,1.19,False,False
06-10-2026 12:00,HUBVC,1.54,1.61,1.53,1.61,317673.0,0.0,0.07,0.01,536.36,0.07,208141.3,52.62,0.0,True,63.56,-0.0,-0.01,0.0,2026-10-06,1.52,5.92,0,,1.63,1.48,False,False
06-10-2026 11:00,NETGL,13.11,13.86,13.05,13.74,6807070.0,0.12,0.63,0.09,570.21,0.63,4166170.1,63.39,0.19,True,50.49,-0.42,-0.6,0.18,2026-10-06,13.03,5.45,0,,20.8,12.58,True,False
06-10-2026 11:00,TRALT,43.44,44.1,43.32,44.06,19076044.0,0.04,0.62,0.11,484.91,0.62,11189510.4,70.48,0.06,True,51.86,-0.22,-0.28,0.06,2026-10-06,43.88,0.41,0,,45.18,43.1,False,False
06-10-2026 11:00,ALTIN,71.43,71.67,71.41,71.62,1534167.0,0.05,0.19,0.03,475.76,0.19,946637.7,62.06,0.26,True,53.94,-0.05,-0.06,0.01,2026-10-06,71.4,0.31,0,,72.4,71.11,True,True
06-10-2026 11:00,ARFYE,13.23,13.55,13.18,13.49,477242.0,0.06,0.26,0.01,2500.0,0.26,195122.0,144.59,0.23,True,53.33,-0.02,-0.0,-0.02,2026-10-06,13.38,0.82,0,,14.15,12.76,False,False
06-10-2026 11:00,OZYSR,11.68,11.77,11.68,11.76,169772.0,0.01,0.08,0.01,700.0,0.08,88269.2,92.33,0.12,True,66.47,0.12,0.12,-0.01,2026-10-06,11.7,0.51,0,,11.91,11.25,False,False
06-10-2026 11:00,ALARK,104.6,106.0,104.5,105.9,461886.0,0.1,1.3,0.1,1200.0,1.3,238780.3,93.44,0.08,True,60.96,0.83,0.96,-0.13,2026-10-06,106.6,-0.66,0,,106.6,97.5,False,False
06-10-2026 11:00,SEKUR,3.7,3.94,3.65,3.9,579902.0,0.04,0.2,0.04,354.55,0.2,304759.3,90.28,0.2,True,61.57,0.0,-0.02,0.02,2026-10-06,3.66,6.56,0,,4.25,3.33,False,False
06-10-2026 11:00,ESEN,2.56,2.6,2.55,2.59,3895442.0,0.01,0.03,0.01,400.0,0.03,1640259.2,137.49,0.33,True,56.76,-0.0,-0.01,0.0,2026-10-06,2.54,1.97,0,,2.65,2.51,False,False
06-10-2026 11:00,TCKRC,123.9,127.7,123.9,126.7,545908.0,1.0,2.8,0.37,656.76,2.8,287535.7,89.86,0.36,True,54.4,-0.33,-0.32,-0.01,2026-10-06,124.0,2.18,0,,134.5,120.1,False,False
06-10-2026 11:00,TKNSA,13.71,14.48,13.7,14.33,1366301.0,0.15,0.62,0.08,638.1,0.62,208576.4,555.06,0.24,True,80.05,0.13,0.08,0.05,2026-10-06,13.5,6.15,0,,ATH,13.1,False,False
06-10-2026 11:00,TRMET,127.9,131.2,127.7,130.9,1235314.0,0.3,3.0,0.4,650.0,3.0,644262.3,91.74,0.1,True,57.38,-0.35,-0.7,0.35,2026-10-06,127.7,2.51,0,,133.0,125.4,False,False
06-10-2026 10:00,VRGYO,1.3,1.38,1.29,1.38,11843246.0,0.0,0.08,0.01,700.0,0.08,1962172.3,503.58,0.0,True,68.15,-0.0,-0.01,0.01,2026-10-06,1.26,9.52,0,,1.56,1.26,False,False
06-10-2026 10:00,ADGYO,45.3,46.5,45.3,46.24,91902.0,0.26,0.94,0.07,1170.27,0.94,60695.0,51.42,0.28,True,56.1,-0.22,-0.33,0.11,2026-10-06,45.48,1.67,0,,46.88,44.78,False,False
06-10-2026 10:00,OSTIM,1.22,1.24,1.21,1.24,981956.0,0.0,0.02,0.01,300.0,0.02,535469.9,83.38,0.0,True,54.69,-0.0,-0.0,0.0,2026-10-06,1.22,1.64,0,,1.27,1.2,False,False
06-10-2026 10:00,KRSTL,7.72,7.9,7.71,7.85,1501101.0,0.05,0.13,0.0,4233.33,0.13,395536.0,279.51,0.38,True,52.09,-0.03,-0.02,-0.01,2026-10-06,7.76,1.16,1,7.9,7.9,7.54,False,False
06-10-2026 09:00,CRFSA,206.0,222.0,205.2,219.4,326273.0,2.6,13.4,1.44,830.56,13.4,121415.1,168.73,0.19,True,71.54,1.97,0.75,1.22,2026-10-06,202.2,8.51,0,,ATH,197.1,False,False
06-10-2026 09:00,BKRGY,5.48,5.63,5.48,5.6,1927196.0,0.03,0.12,0.02,500.0,0.12,1071476.0,79.86,0.25,True,65.32,0.02,0.01,0.01,2026-10-06,5.39,3.9,0,,5.68,5.13,False,False
06-10-2026 09:00,DURDO,5.86,6.11,5.86,6.11,1824776.0,0.0,0.25,0.05,455.56,0.25,805568.3,126.52,0.0,True,88.58,0.26,0.22,0.04,2026-10-06,5.56,9.89,0,,ATH,4.3,False,False
06-10-2026 09:00,INTET,50.5,53.65,50.3,53.3,1707984.0,0.35,2.8,0.13,2053.85,2.8,915896.6,86.48,0.13,True,58.06,0.79,1.08,-0.28,2026-10-06,52.65,1.23,2,50.3,56.25,50.3,False,False
06-10-2026 09:00,MOBTL,10.27,10.49,10.25,10.48,502669.0,0.01,0.21,0.05,328.57,0.21,271377.8,85.23,0.05,True,65.37,0.07,0.05,0.02,2026-10-06,10.06,4.17,1,10.49,10.49,9.94,False,False
06-10-2026 09:00,OSMEN,5.4,5.48,5.37,5.47,355746.0,0.01,0.07,0.02,337.5,0.07,172529.3,106.19,0.14,True,68.47,0.03,0.03,0.01,2026-10-06,5.25,4.19,0,,ATH,5.25,False,False
06-10-2026 09:00,PSGYO,1.67,1.71,1.67,1.7,15965644.0,0.01,0.03,0.0,1400.0,0.03,7888590.3,102.39,0.33,True,53.29,-0.0,-0.0,-0.0,2026-10-06,1.67,1.8,0,,1.75,1.64,False,False
06-10-2026 09:00,SISE,37.86,38.16,37.82,38.08,3895914.0,0.08,0.22,0.02,1122.22,0.22,2555960.2,52.42,0.36,True,59.75,0.13,0.11,0.02,2026-10-06,38.1,-0.05,0,,38.24,37.74,False,False
06-10-2026 09:00,VESTL,17.15,17.47,17.08,17.44,1616358.0,0.03,0.29,0.01,3122.22,0.29,683097.8,136.62,0.1,True,45.31,-0.17,-0.19,0.02,2026-10-06,17.36,0.46,0,,17.82,16.91,True,True
06-10-2026 09:00,VEYAS,77.65,80.8,77.4,80.2,427444.0,0.6,2.55,0.24,962.5,2.55,122645.7,248.52,0.24,True,66.88,0.38,0.18,0.2,2026-10-06,75.75,5.87,0,,80.6,75.1,False,False
06-10-2026 08:00,BTCIM,1.98,2.02,1.97,2.02,51670169.0,0.0,0.04,0.0,3900.0,0.04,31109643.8,66.09,0.0,True,53.55,0.0,0.0,-0.0,2026-10-06,1.99,1.51,0,,2.18,1.89,False,False
06-10-2026 08:00,ONCSM,96.5,100.9,96.1,100.4,432620.0,0.5,3.9,0.23,1633.33,3.9,275203.9,57.2,0.13,True,64.32,2.27,2.43,-0.16,2026-10-06,95.65,4.97,0,,105.6,89.3,False,False
06-10-2026 08:00,ENJSA,111.9,113.3,111.8,113.1,399064.0,0.2,1.2,0.12,900.0,1.2,262779.7,51.86,0.17,True,66.53,1.04,1.05,-0.01,2026-10-06,112.5,0.53,0,,ATH,105.3,False,False
06-10-2026 08:00,EFOR,14.17,14.59,14.16,14.52,4659286.0,0.07,0.35,0.03,1029.03,0.35,2150334.3,116.68,0.2,True,68.88,0.05,0.03,0.01,2026-10-06,13.91,4.39,1,14.59,14.59,13.82,False,False
06-10-2026 08:00,PETKM,20.06,20.46,20.02,20.36,8967183.0,0.1,0.3,0.03,782.35,0.3,5414131.8,65.63,0.33,True,65.49,0.22,0.18,0.03,2026-10-06,20.1,1.29,1,20.46,20.46,18.93,False,False
06-10-2026 08:00,SNICA,2.3,2.33,2.3,2.33,900537.0,0.0,0.03,0.01,400.0,0.03,471693.8,90.92,0.0,True,58.97,0.01,0.0,0.0,2026-10-06,2.3,1.3,0,,2.36,2.25,False,False
06-10-2026 08:00,TKNKA,53.85,56.7,53.35,56.7,3019919.0,0.0,2.85,0.18,1528.57,2.85,1375464.0,119.56,0.0,True,50.46,-2.6,-3.23,0.63,2026-10-06,51.55,9.99,0,,73.55,49.96,True,False
06-10-2026 08:00,BSOKE,5.54,5.8,5.48,5.74,8954812.0,0.06,0.2,0.03,488.24,0.2,3924345.5,128.19,0.3,True,43.6,-0.25,-0.33,0.08,2026-10-06,5.52,3.99,1,5.8,5.8,5.34,True,False
06-10-2026 08:00,A1CAP,4.43,4.67,4.43,4.67,2604872.0,0.0,0.24,0.02,990.91,0.24,1062635.3,145.13,0.0,True,70.91,0.03,0.01,0.02,2026-10-06,4.25,9.88,1,4.67,ATH,4.21,False,False
06-10-2026 08:00,BIGTK,68.6,72.7,68.0,71.7,613092.0,1.0,3.1,0.3,950.85,3.1,344349.9,78.04,0.32,True,30.15,-5.12,-5.7,0.59,2026-10-06,70.35,1.92,0,,92.0,ATL,True,False
06-10-2026 07:00,KPEKS,49.18,54.15,48.62,54.15,4697529.0,0.0,4.97,0.26,1833.85,4.97,1861703.0,152.32,0.0,True,66.35,0.54,0.15,0.39,2026-10-06,49.26,9.93,1,54.15,ATH,44.1,False,False
06-10-2026 07:00,EKIM,14.44,15.51,14.25,15.51,10166564.0,0.0,1.07,0.11,900.0,1.07,1125193.3,803.54,0.0,True,93.43,0.69,0.56,0.13,2026-10-06,14.1,10.0,1,15.51,ATH,11.31,False,False
06-10-2026 07:00,METEN,20.0,20.6,20.0,20.46,2697470.0,0.14,0.46,0.03,1542.86,0.46,1423616.0,89.48,0.3,True,67.28,0.37,0.37,0.01,2026-10-06,20.1,1.79,0,,20.7,18.74,False,False
06-10-2026 07:00,DMLKT,6.99,7.04,6.98,7.04,1425066.0,0.0,0.05,0.01,614.29,0.05,384912.6,270.23,0.0,True,74.25,0.03,0.03,0.0,2026-10-06,6.98,0.86,0,,ATH,6.78,False,False
06-10-2026 07:00,KLGYO,4.26,4.41,4.25,4.41,3029607.0,0.0,0.15,0.01,1150.0,0.15,700382.6,332.56,0.0,True,71.87,0.07,0.08,-0.0,2026-10-06,4.25,3.76,0,,ATH,4.25,False,False
06-10-2026 07:00,MRGYO,1.4,1.48,1.38,1.47,87089495.0,0.01,0.07,0.01,775.0,0.07,22281801.1,290.85,0.14,True,95.29,0.07,0.07,0.01,2026-10-06,1.35,8.89,1,1.48,1.48,1.01,False,False
06-10-2026 07:00,ARMGD,122.0,127.3,122.0,126.6,2020907.0,0.7,4.6,0.46,900.0,4.6,215516.9,837.7,0.15,True,66.34,0.16,-2.02,2.18,2026-10-06,115.8,9.33,1,127.3,127.3,105.3,False,False
06-10-2026 07:00,BAHKM,172.5,182.7,164.0,180.4,981651.0,2.3,7.9,0.79,900.0,7.9,126487.5,676.09,0.29,True,74.58,4.0,2.52,1.49,2026-10-06,172.3,4.7,2,164.0,192.6,164.0,False,False
06-10-2026 07:00,KARTN,84.6,91.3,84.2,91.3,694560.0,0.0,6.7,0.23,2813.04,6.7,139552.4,397.71,0.0,True,66.01,0.26,-0.02,0.28,2026-10-06,83.0,10.0,1,91.3,95.2,82.5,False,False
06-10-2026 07:00,TDGYO,6.61,6.97,6.48,6.95,1549794.0,0.02,0.34,0.03,962.5,0.34,370255.0,318.57,0.06,True,51.95,-0.01,-0.07,0.06,2026-10-06,7.08,-1.84,2,6.48,7.78,6.48,False,False
06-10-2026 07:00,AEFES,18.1,18.77,18.08,18.63,15289754.0,0.14,0.53,0.05,1004.17,0.53,3222248.8,374.51,0.26,True,73.03,0.07,0.04,0.04,2026-10-06,18.08,3.04,0,,18.94,17.76,False,False
06-10-2026 07:00,ISKPL,3.75,3.97,3.54,3.96,22530578.0,0.01,0.21,0.03,577.42,0.21,6354753.6,254.55,0.05,True,80.15,0.12,0.09,0.03,2026-10-06,3.65,8.49,0,,ATH,3.25,False,False
06-10-2026 07:00,ALKA,6.14,6.31,6.14,6.29,916235.0,0.02,0.15,0.0,1.688849860263939e+17,0.15,169662.0,440.04,0.13,True,61.1,0.0,0.0,-0.0,2026-10-06,6.15,2.28,1,6.31,6.31,5.84,False,False
06-10-2026 07:00,EPLAS,5.38,5.55,5.34,5.51,1044858.0,0.04,0.13,0.02,622.22,0.13,371813.3,181.02,0.31,True,72.31,0.05,0.02,0.03,2026-10-06,5.4,2.04,0,,5.85,5.1,False,False
06-10-2026 07:00,BIGCH,3.78,3.89,3.77,3.87,1902740.0,0.02,0.09,0.0,2900.0,0.09,606711.4,213.62,0.22,True,64.86,0.08,0.08,0.01,2026-10-06,3.76,2.93,0,,4.0,3.75,False,False
06-10-2026 07:00,ICUGS,1.08,1.24,1.07,1.24,36662852.0,0.0,0.16,0.01,1500.0,0.16,7720073.7,374.9,0.0,True,49.22,-0.07,-0.08,0.01,2026-10-06,1.13,9.73,3,,1.67,ATL,True,True
06-10-2026 07:00,GEDIK,5.01,5.09,5.0,5.07,935639.0,0.02,0.06,0.01,1100.0,0.06,268578.2,248.37,0.33,True,59.13,0.01,0.01,0.0,2026-10-06,5.0,1.4,0,,5.1,4.97,False,False
06-10-2026 07:00,HDFGS,1.02,1.1,1.01,1.1,81688488.0,0.0,0.08,0.0,1900.0,0.08,22432065.7,264.16,0.0,True,70.27,0.04,0.03,0.0,2026-10-06,1.0,10.0,1,1.1,ATH,0.86,False,False
06-10-2026 07:00,UNLU,10.11,10.93,10.03,10.73,4337953.0,0.2,0.62,0.03,1671.43,0.62,905459.5,379.09,0.32,True,58.42,-0.16,-0.25,0.09,2026-10-06,10.09,6.34,0,,11.27,9.94,True,True
06-10-2026 07:00,RYGYO,49.48,52.0,49.42,51.9,930922.0,0.1,2.42,0.31,685.71,2.42,188027.7,395.1,0.04,True,78.69,0.38,0.12,0.26,2026-10-06,49.42,5.02,0,,ATH,47.04,False,False
06-10-2026 07:00,MARTI,1.38,1.4,1.36,1.4,10503214.0,0.0,0.02,0.0,900.0,0.02,1807096.6,481.22,0.0,True,92.97,0.06,0.05,0.01,2026-10-06,1.28,9.37,1,1.4,1.47,0.98,False,False
06-10-2026 07:00,YKSLN,2.36,2.5,2.33,2.5,13534605.0,0.0,0.14,0.01,900.0,0.14,1914898.4,606.81,0.0,True,84.43,0.07,0.04,0.03,2026-10-06,2.28,9.65,1,2.5,ATH,2.02,False,False
06-10-2026 07:00,YKBNK,35.84,36.56,35.78,36.36,30720073.0,0.2,0.52,0.0,25900.0,0.52,12951222.5,137.2,0.38,True,62.98,0.32,0.29,0.03,2026-10-06,35.9,1.28,3,,36.78,33.6,False,False
06-10-2026 07:00,LYDHO,45.0,47.2,45.0,47.2,314764.0,0.0,2.2,0.22,900.0,2.2,37792.1,732.88,0.0,True,76.03,1.26,0.59,0.67,2026-10-06,42.92,9.97,1,47.2,55.6,36.38,False,False
05-10-2026 14:00,HKTM,10.22,10.9,10.21,10.9,1500691.0,0.0,0.68,0.1,608.33,0.68,281628.1,432.86,0.0,True,81.69,0.22,0.16,0.06,2026-10-05,9.91,9.99,0,,11.38,8.82,False,False
05-10-2026 14:00,OZGYO,1.65,1.69,1.64,1.69,1736484.0,0.0,0.04,0.0,1900.0,0.04,661677.2,162.44,0.0,True,63.38,0.01,0.02,-0.0,2026-10-05,1.66,1.81,0,,1.7,1.63,False,False
05-10-2026 14:00,KLSYN,14.55,14.98,14.53,14.98,733311.0,0.0,0.43,0.04,855.56,0.43,172998.6,323.88,0.0,True,67.59,0.08,0.05,0.03,2026-10-05,14.53,3.1,0,,ATH,14.24,False,False
05-10-2026 14:00,SELEC,70.95,82.0,70.85,79.6,4816775.0,2.4,8.65,0.44,1843.82,8.65,1207112.2,299.03,0.28,True,50.65,-4.3,-4.96,0.66,2026-10-05,75.05,6.06,0,,90.0,69.35,True,True
05-10-2026 14:00,SKTAS,2.5,2.63,2.5,2.63,2818905.0,0.0,0.13,0.01,900.0,0.13,853682.7,230.21,0.0,True,73.14,0.03,0.03,0.01,2026-10-05,2.49,5.62,1,2.63,ATH,2.41,False,False
05-10-2026 14:00,DAPGM,2.86,3.16,2.85,3.14,37979022.0,0.02,0.28,0.01,1900.0,0.28,8918891.4,325.83,0.07,True,60.47,-0.04,-0.06,0.02,2026-10-05,2.95,6.44,0,,3.22,2.82,False,False
05-10-2026 14:00,DITAS,8.79,9.4,8.78,9.25,1347072.0,0.15,0.46,0.01,3185.71,0.46,441590.6,205.05,0.33,True,58.57,-0.02,-0.05,0.03,2026-10-05,8.94,3.47,0,,9.54,8.5,False,False
05-10-2026 13:00,CEMTS,7.81,8.12,7.79,8.1,601757.0,0.02,0.29,0.03,866.67,0.29,132528.5,354.06,0.07,True,72.55,0.03,0.01,0.02,2026-10-05,7.74,4.65,0,,8.18,7.7,False,False
05-10-2026 13:00,PRKME,14.82,15.37,14.77,15.3,838785.0,0.07,0.48,0.03,1677.78,0.48,455134.0,84.29,0.15,True,61.76,0.17,0.19,-0.01,2026-10-05,14.91,2.62,0,,15.51,14.44,False,False
05-10-2026 12:00,SRVGY,2.28,2.34,2.28,2.33,1056318.0,0.01,0.05,0.01,400.0,0.05,678653.4,55.65,0.2,True,78.25,0.04,0.04,0.01,2026-10-05,2.23,4.48,1,2.34,2.34,2.03,False,False
05-10-2026 12:00,OYAKC,20.98,21.32,20.96,21.26,1750612.0,0.06,0.28,0.04,677.78,0.28,945046.1,85.24,0.21,True,66.33,0.13,0.1,0.03,2026-10-05,20.92,1.63,1,21.32,21.32,20.04,False,False
05-10-2026 12:00,GLYHO,16.42,16.73,16.41,16.69,573776.0,0.04,0.27,0.04,513.64,0.27,241085.3,138.0,0.15,True,68.66,0.16,0.12,0.04,2026-10-05,16.24,2.77,0,,16.82,15.55,False,False
05-10-2026 12:00,OZSUB,36.34,37.5,36.24,37.44,220853.0,0.06,1.1,0.11,918.52,1.1,115376.2,91.42,0.05,True,61.94,0.25,0.26,-0.01,2026-10-05,36.6,2.3,0,,37.78,36.06,False,False
05-10-2026 12:00,KOCMT,2.79,2.93,2.75,2.92,26225074.0,0.01,0.13,0.03,306.25,0.13,9579236.6,173.77,0.08,True,74.23,0.05,0.03,0.02,2026-10-05,2.68,8.96,0,,3.2,2.57,False,False
05-10-2026 12:00,AHSGY,7.03,7.26,7.0,7.25,1355734.0,0.01,0.22,0.02,1194.12,0.22,624603.7,117.06,0.05,True,50.5,-0.18,-0.27,0.08,2026-10-05,6.83,6.15,0,,7.27,6.8,True,False
05-10-2026 12:00,AKGRT,5.24,5.29,5.23,5.29,1453568.0,0.0,0.05,0.0,900.0,0.05,625743.8,132.29,0.0,True,63.85,0.01,0.01,0.0,2026-10-05,5.2,1.73,1,5.29,5.3,5.19,False,False
05-10-2026 12:00,TUCLK,3.84,3.96,3.8,3.94,2696468.0,0.02,0.1,0.01,1900.0,0.1,1464392.6,84.14,0.2,True,46.35,-0.07,-0.08,0.02,2026-10-05,3.85,2.34,0,,4.85,3.84,True,True
05-10-2026 12:00,LXGYO,7.53,7.75,7.51,7.72,842412.0,0.03,0.19,0.0,3700.0,0.19,401337.9,109.9,0.16,True,59.86,0.1,0.13,-0.03,2026-10-05,7.62,1.31,0,,7.86,7.49,False,False
05-10-2026 12:00,BINHO,6.24,6.43,6.23,6.38,3498876.0,0.05,0.14,0.02,723.53,0.14,1737326.7,101.39,0.36,True,60.73,0.03,0.01,0.01,2026-10-05,6.15,3.74,0,,6.5,6.08,False,False
05-10-2026 11:00,FRIGO,1.85,1.92,1.85,1.91,8564562.0,0.01,0.06,0.02,200.0,0.06,4844674.3,76.78,0.17,True,87.83,0.08,0.07,0.01,2026-10-05,1.76,8.52,0,,ATH,1.33,False,False
05-10-2026 10:00,IHYAY,1.03,1.05,1.02,1.05,206919.0,0.0,0.02,0.0,400.0,0.02,135658.3,52.53,0.0,True,61.94,0.0,0.0,0.0,2026-10-05,1.04,0.96,0,,1.06,1.01,False,False
05-10-2026 10:00,MAKIM,13.05,13.48,13.0,13.48,317456.0,0.0,0.43,0.07,514.29,0.43,85133.6,272.89,0.0,True,68.65,0.16,0.05,0.11,2026-10-05,12.82,5.15,0,,14.35,11.4,False,False
05-10-2026 09:00,ZGYO,17.92,19.14,17.9,19.0,2024343.0,0.14,1.08,0.12,831.03,1.08,856622.1,136.32,0.13,True,55.82,-0.21,-0.19,-0.01,2026-10-05,17.81,6.68,0,,21.68,17.2,False,False
05-10-2026 09:00,ANSGR,24.16,24.8,24.12,24.66,1175242.0,0.14,0.5,0.05,825.93,0.5,326287.2,260.19,0.28,True,71.0,0.06,0.02,0.04,2026-10-05,23.98,2.84,0,,ATH,23.82,False,False
05-10-2026 08:00,HATEK,8.08,8.25,8.08,8.22,44617.0,0.03,0.14,0.02,566.67,0.14,27840.8,60.26,0.21,True,57.06,0.04,0.0,0.04,2026-10-05,8.25,-0.36,0,,8.4,7.3,False,False
05-10-2026 07:00,PATEK,15.15,16.07,15.12,16.02,4683118.0,0.05,0.87,0.06,1426.32,0.87,1579800.4,196.44,0.06,True,75.23,0.37,0.33,0.04,2026-10-05,15.07,6.3,1,16.07,16.07,12.26,False,False
05-10-2026 07:00,QUICK,43.22,46.46,43.04,45.98,1886096.0,0.48,2.76,0.3,826.17,2.76,310444.4,507.55,0.17,True,82.69,0.59,0.23,0.36,2026-10-05,42.7,7.68,0,,ATH,39.68,False,False
05-10-2026 07:00,ALBRK,8.58,8.8,8.53,8.77,6204323.0,0.03,0.19,0.02,1087.5,0.19,1631323.5,280.32,0.16,True,76.87,0.07,0.05,0.02,2026-10-05,8.49,3.3,0,,ATH,8.07,False,False
05-10-2026 07:00,PLTUR,15.6,15.95,15.6,15.9,132769.0,0.05,0.3,0.04,710.81,0.3,75530.0,75.78,0.17,True,69.52,0.15,0.11,0.04,2026-10-05,15.56,2.19,0,,16.57,14.01,False,False
05-10-2026 07:00,ICBCT,15.62,15.99,15.62,15.9,350710.0,0.09,0.28,0.01,2700.0,0.28,167821.2,108.98,0.32,True,57.26,-0.04,-0.06,0.02,2026-10-05,15.51,2.51,1,15.99,15.99,15.28,False,False
05-10-2026 07:00,BESTE,20.3,21.32,20.22,21.16,1470964.0,0.16,0.86,0.1,805.26,0.86,532346.9,176.32,0.19,True,74.0,0.29,0.18,0.11,2026-10-05,20.1,5.27,0,,22.64,17.45,False,False
05-10-2026 07:00,IHGZT,0.95,0.98,0.95,0.98,6122089.0,0.0,0.03,0.0,650.0,0.03,1045868.3,485.36,0.0,True,63.89,0.0,-0.0,0.0,2026-10-05,0.95,3.16,1,0.98,1.03,0.94,False,False
05-10-2026 07:00,HLGYO,4.13,4.21,4.12,4.2,6048268.0,0.01,0.07,0.0,1650.0,0.07,1461734.8,313.77,0.14,True,63.77,0.03,0.04,-0.01,2026-10-05,4.12,1.94,2,4.12,4.22,4.12,False,False
05-10-2026 07:00,PNSUT,10.19,10.4,10.19,10.38,529605.0,0.02,0.19,0.01,1257.14,0.19,151367.6,249.88,0.11,True,64.79,0.02,0.0,0.01,2026-10-05,10.14,2.37,0,,10.49,10.13,False,False
05-10-2026 07:00,HEKTS,2.19,2.24,2.17,2.23,52695034.0,0.01,0.04,0.0,3900.0,0.04,13575768.3,288.16,0.25,True,72.03,0.02,0.02,0.0,2026-10-05,2.16,3.24,1,2.24,2.24,2.01,False,False
05-10-2026 07:00,AYDEM,24.84,25.42,24.8,25.4,442284.0,0.02,0.56,0.1,460.0,0.56,215315.8,105.41,0.04,True,77.47,0.29,0.16,0.13,2026-10-05,24.9,2.01,0,,ATH,23.24,False,False
05-10-2026 07:00,INDES,11.66,12.02,11.43,11.95,2154344.0,0.07,0.29,0.06,391.53,0.29,824091.3,161.42,0.24,True,80.17,0.3,0.26,0.04,2026-10-05,11.61,2.93,1,12.02,12.02,10.17,False,False
05-10-2026 07:00,OZKGY,12.3,12.44,12.28,12.43,664422.0,0.01,0.13,0.01,1200.0,0.13,153132.5,333.89,0.08,True,69.17,0.04,0.04,0.0,2026-10-05,12.21,1.8,0,,ATH,12.18,False,False
05-10-2026 07:00,BALSU,8.4,8.79,8.3,8.73,14678608.0,0.06,0.33,0.07,378.26,0.33,6195808.6,136.91,0.18,True,87.89,0.37,0.3,0.07,2026-10-05,8.22,6.2,0,,ATH,6.46,False,False
05-10-2026 07:00,KMPUR,14.78,15.12,14.46,15.09,211302.0,0.03,0.31,0.02,1309.09,0.31,69911.3,202.24,0.1,True,69.39,0.15,0.1,0.05,2026-10-05,14.61,3.29,1,15.12,15.12,13.88,False,False
05-10-2026 07:00,KRDMB,69.0,72.2,67.25,72.2,1146019.0,0.0,3.2,0.67,374.07,3.2,394190.4,190.73,0.0,True,74.72,1.46,0.07,1.39,2026-10-05,65.65,9.98,1,72.2,86.5,53.35,False,False
05-10-2026 07:00,KOTON,10.07,10.28,10.07,10.25,322495.0,0.03,0.18,0.03,500.0,0.18,116623.9,176.53,0.17,True,62.77,0.01,-0.01,0.03,2026-10-05,10.06,1.89,1,10.28,10.28,9.67,False,False
05-10-2026 07:00,NTGAZ,11.0,11.28,11.0,11.26,757675.0,0.02,0.26,0.04,602.7,0.26,349657.0,116.69,0.08,True,68.37,0.17,0.16,0.01,2026-10-05,11.03,2.09,1,11.28,11.28,10.0,False,False
05-10-2026 07:00,KRDMA,39.52,42.1,39.52,42.1,2876669.0,0.0,2.58,0.24,984.03,2.58,732726.0,292.6,0.0,True,69.27,-0.06,-0.31,0.26,2026-10-05,39.2,7.4,0,,44.88,38.84,False,False
05-10-2026 07:00,KRDMD,43.9,45.18,43.7,45.1,12837640.0,0.08,1.2,0.17,605.88,1.2,5653682.0,127.07,0.07,True,65.47,-0.24,-0.54,0.31,2026-10-05,43.28,4.21,0,,47.76,41.94,False,False
05-10-2026 07:00,ODAS,6.11,6.23,6.1,6.2,7226694.0,0.03,0.09,0.01,542.86,0.09,3368985.2,114.51,0.33,True,60.34,0.0,-0.02,0.02,2026-10-05,6.08,1.97,1,6.23,6.23,5.6,False,False
05-10-2026 07:00,KARSN,9.26,9.45,9.26,9.44,3844307.0,0.01,0.18,0.02,757.14,0.18,1092510.7,251.88,0.06,True,66.63,0.04,0.03,0.01,2026-10-05,9.23,2.28,0,,9.5,8.9,False,False
05-10-2026 07:00,IZMDC,6.78,7.03,6.78,6.99,1750042.0,0.04,0.21,0.02,1212.5,0.21,442025.6,295.91,0.19,True,71.02,0.05,0.03,0.02,2026-10-05,6.75,3.56,0,,7.11,6.63,False,False
05-10-2026 07:00,KRVGD,2.16,2.23,2.16,2.22,1431158.0,0.01,0.06,0.01,566.67,0.06,515261.7,177.75,0.17,True,73.32,0.02,0.01,0.0,2026-10-05,2.15,3.26,1,2.23,2.23,2.02,False,False
05-10-2026 07:00,ISVEA,22.32,27.28,22.32,26.28,24774594.0,1.0,3.96,0.4,900.0,3.96,2482656.6,897.91,0.25,True,44.91,-1.74,-1.99,0.25,2026-10-05,24.8,5.97,3,,27.54,22.32,True,True
05-10-2026 07:00,GSRAY,0.82,0.83,0.81,0.83,17374533.0,0.0,0.01,0.0,900.0,0.01,7170160.9,142.32,0.0,True,56.67,0.0,0.0,0.0,2026-10-05,0.81,2.47,1,0.83,0.84,0.81,False,False
05-10-2026 07:00,ISMEN,30.26,30.84,30.26,30.82,1755297.0,0.02,0.56,0.04,1300.0,0.56,665265.9,163.85,0.04,True,60.04,-0.05,-0.09,0.05,2026-10-05,30.14,2.26,0,,30.92,29.98,False,False
05-10-2026 07:00,ISDMR,61.05,62.45,61.05,62.35,295186.0,0.1,1.3,0.28,356.14,1.3,125261.3,135.66,0.08,True,67.82,0.0,-0.31,0.31,2026-10-05,60.95,2.3,0,,63.45,59.0,False,False
05-10-2026 07:00,MARMR,1.49,1.53,1.48,1.53,18965751.0,0.0,0.04,0.0,900.0,0.04,6384857.2,197.04,0.0,True,59.7,0.0,-0.0,0.0,2026-10-05,1.48,3.38,0,,1.69,1.41,False,False
05-10-2026 07:00,ISCTR,12.54,12.82,12.54,12.81,163706294.0,0.01,0.27,0.01,1828.57,0.27,51533702.9,217.67,0.04,True,63.49,-0.02,-0.06,0.04,2026-10-05,12.45,2.89,0,,13.13,12.31,False,False
05-10-2026 07:00,ATATR,5.6,5.86,5.6,5.83,11354236.0,0.03,0.23,0.01,1816.67,0.23,3860212.7,194.13,0.13,True,58.29,-0.03,-0.06,0.03,2026-10-05,5.57,4.67,1,5.86,5.86,5.33,False,False
05-10-2026 07:00,BESLR,11.03,11.23,11.03,11.19,302607.0,0.04,0.16,0.02,966.67,0.16,183853.6,64.59,0.25,True,62.88,0.02,0.0,0.02,2026-10-05,10.95,2.19,1,11.23,11.23,10.94,False,False
05-10-2026 07:00,ARCLK,81.2,82.3,81.15,82.15,372963.0,0.15,0.95,0.11,726.09,0.95,136034.0,174.17,0.16,True,57.53,-0.28,-0.52,0.23,2026-10-05,81.1,1.29,0,,88.1,80.0,True,False
05-10-2026 07:00,GLRMK,143.4,147.1,143.4,146.9,808735.0,0.2,3.5,0.44,695.45,3.5,382875.5,111.23,0.06,True,71.42,1.71,1.25,0.46,2026-10-05,143.2,2.58,0,,148.7,131.0,False,False
05-10-2026 07:00,LRSHO,1.9,1.94,1.9,1.93,1582712.0,0.01,0.03,0.0,1400.0,0.03,750475.1,110.89,0.33,True,64.14,0.01,0.01,0.0,2026-10-05,1.89,2.12,1,1.94,1.94,1.87,False,False
05-10-2026 07:00,TTKOM,52.65,53.35,52.3,53.25,5458014.0,0.1,0.6,0.02,2900.0,0.6,1847618.3,195.41,0.17,True,57.12,0.05,0.01,0.04,2026-10-05,52.45,1.53,0,,53.4,51.25,False,False
05-10-2026 07:00,EREGL,37.16,37.96,37.16,37.92,21705285.0,0.04,0.76,0.12,522.95,0.76,6308168.1,244.08,0.05,True,73.74,0.14,0.02,0.13,2026-10-05,37.02,2.43,0,,ATH,35.9,False,False
05-10-2026 07:00,BMSCH,9.58,9.86,9.36,9.85,252334.0,0.01,0.27,0.06,350.0,0.27,141801.5,77.95,0.04,True,69.26,0.24,0.22,0.03,2026-10-05,9.58,2.82,1,9.86,9.86,8.24,False,False
05-10-2026 07:00,TAVHL,267.5,272.5,266.75,272.25,527792.0,0.25,4.75,0.85,458.82,4.75,214356.8,146.22,0.05,True,65.49,0.91,0.11,0.81,2026-10-05,266.25,2.25,0,,275.5,257.5,False,False
05-10-2026 07:00,ENKAI,84.1,85.75,84.0,85.75,1903679.0,0.0,1.65,0.15,1037.93,1.65,658251.5,189.2,0.0,True,64.73,0.18,-0.06,0.24,2026-10-05,84.0,2.08,0,,86.4,81.85,False,False
05-10-2026 07:00,ENDAE,13.27,13.61,13.27,13.52,624614.0,0.09,0.25,0.05,420.83,0.25,240117.8,160.13,0.36,True,59.08,-0.04,-0.08,0.05,2026-10-05,13.25,2.04,1,13.61,13.61,12.7,False,False
05-10-2026 07:00,TCELL,98.0,99.8,97.85,99.7,3232439.0,0.1,1.7,0.12,1316.67,1.7,1065864.6,203.27,0.06,True,63.42,0.26,0.19,0.07,2026-10-05,97.8,1.94,0,,100.9,95.15,False,False
05-10-2026 07:00,TGSAS,121.2,124.6,118.0,124.6,296462.0,0.0,3.4,0.34,900.0,3.4,31795.2,832.41,0.0,True,86.15,6.25,5.26,0.98,2026-10-05,113.3,9.97,1,124.6,ATH,78.05,False,False
05-10-2026 07:00,TKFEN,251.75,258.75,249.3,258.75,876378.0,0.0,7.0,0.31,2158.06,7.0,387900.6,125.93,0.0,True,64.06,2.09,1.33,0.76,2026-10-05,248.1,4.29,0,,280.25,244.1,False,False
05-10-2026 07:00,EKGYO,19.18,19.89,19.17,19.75,40217430.0,0.14,0.57,0.07,763.64,0.57,9517328.6,322.57,0.25,True,71.92,0.12,0.06,0.05,2026-10-05,19.07,3.57,0,,ATH,18.81,False,False
05-10-2026 07:00,EKDMR,30.4,31.1,30.4,30.94,1258372.0,0.16,0.54,0.06,743.75,0.54,328498.8,283.07,0.3,True,64.87,0.29,0.14,0.15,2026-10-05,30.42,1.71,1,31.1,31.1,27.64,False,False
05-10-2026 07:00,ADEL,25.02,25.52,24.98,25.48,199776.0,0.04,0.46,0.02,2775.0,0.46,83940.8,138.0,0.09,True,59.88,0.07,0.11,-0.03,2026-10-05,24.98,2.0,1,25.52,25.52,23.3,False,False
05-10-2026 07:00,TNZTP,25.56,27.14,25.56,27.1,655538.0,0.04,1.54,0.11,1352.83,1.54,157460.3,316.32,0.03,True,72.34,0.08,-0.0,0.08,2026-10-05,25.5,6.27,1,27.14,27.14,25.36,False,False
05-10-2026 07:00,AFYON,11.02,11.27,11.02,11.24,306672.0,0.03,0.22,0.02,1122.22,0.22,94255.5,225.36,0.14,True,69.77,0.04,0.04,0.01,2026-10-05,11.02,2.0,1,11.27,11.27,10.63,False,False
05-10-2026 07:00,UCAYM,15.67,16.2,15.67,16.06,693696.0,0.14,0.39,0.03,1344.44,0.39,182911.9,279.25,0.36,True,71.11,0.15,0.11,0.03,2026-10-05,15.6,2.95,0,,17.0,14.42,False,False
05-10-2026 07:00,AKBNK,67.7,69.35,67.6,69.2,66973433.0,0.15,1.5,0.07,2207.69,1.5,16102831.5,315.91,0.1,True,61.91,-0.16,-0.34,0.18,2026-10-05,67.1,3.13,0,,71.3,66.95,False,False
05-10-2026 07:00,TUPRS,377.75,387.5,377.5,386.25,3927089.0,1.25,8.5,0.2,4150.0,8.5,1834833.3,114.03,0.15,True,53.29,-0.84,-0.72,-0.12,2026-10-05,377.0,2.45,0,,390.5,373.5,False,False
05-10-2026 07:00,DZGYO,6.55,6.74,6.55,6.72,241283.0,0.02,0.17,0.02,962.5,0.17,45164.9,434.23,0.12,True,68.65,0.02,0.01,0.01,2026-10-05,6.55,2.6,0,,6.79,6.5,False,False
05-10-2026 07:00,SSAAT,27.16,27.96,27.16,27.74,360231.0,0.22,0.58,0.08,643.59,0.58,152459.3,136.28,0.38,True,63.03,0.24,0.21,0.04,2026-10-05,27.2,1.99,1,27.96,27.96,25.46,False,False
05-10-2026 07:00,XBANK,15777.03,16156.48,15768.11,16139.95,349882528.0,16.53,362.92,35.07,934.82,362.92,98809947.1,254.1,0.05,True,65.74,3.33,-42.9,46.23,2026-10-05,15639.74,3.2,0,,16369.12,15562.98,False,False
05-10-2026 07:00,XU030,15361.58,15558.89,15361.53,15540.36,1189952094.0,18.53,178.78,24.02,644.23,178.78,353583122.7,236.54,0.1,True,64.1,30.76,1.59,29.17,2026-10-05,15205.39,2.2,1,15558.89,15558.89,14817.3,False,False
05-10-2026 07:00,FADE,11.75,12.1,11.75,12.03,237815.0,0.07,0.28,0.03,803.23,0.28,113785.0,109.0,0.25,True,69.16,0.1,0.09,0.01,2026-10-05,11.75,2.38,1,12.1,12.1,11.59,False,False
05-10-2026 07:00,SAFKR,13.22,14.1,13.22,14.1,1620488.0,0.0,0.88,0.1,797.96,0.88,498027.8,225.38,0.0,True,85.5,0.5,0.41,0.09,2026-10-05,13.1,7.63,0,,ATH,10.97,False,False
05-10-2026 07:00,SAHOL,87.1,89.15,87.0,88.95,9353794.0,0.2,1.85,0.2,825.0,1.85,2546859.5,267.27,0.11,True,68.89,0.32,0.09,0.23,2026-10-05,86.7,2.6,0,,ATH,84.1,False,False
05-10-2026 07:00,SARKY,20.9,21.4,20.9,21.4,600140.0,0.0,0.5,0.02,2400.0,0.5,213836.9,180.65,0.0,True,68.04,0.18,0.18,0.01,2026-10-05,20.8,2.88,0,,21.68,20.74,False,False
05-10-2026 07:00,GOKNR,14.98,15.25,14.98,15.19,556711.0,0.06,0.21,0.02,1212.5,0.21,214353.9,159.72,0.29,True,58.91,0.05,0.05,-0.0,2026-10-05,15.03,1.06,1,15.25,15.25,14.29,False,False
05-10-2026 07:00,YUNSA,6.55,6.67,6.52,6.65,503614.0,0.02,0.1,0.01,614.29,0.1,169813.9,196.57,0.2,True,71.54,0.05,0.03,0.01,2026-10-05,6.52,1.99,1,6.67,6.67,6.01,False,False
05-10-2026 07:00,SASA,1.96,2.03,1.95,2.03,657305039.0,0.0,0.07,0.01,677.78,0.07,189397087.1,247.05,0.0,True,74.14,0.02,0.01,0.01,2026-10-05,1.93,5.18,1,2.03,ATH,1.75,False,False
05-10-2026 07:00,CANTE,1.08,1.12,1.07,1.11,139925392.0,0.01,0.03,0.0,2900.0,0.03,34085673.3,310.51,0.33,True,63.78,0.01,0.01,-0.0,2026-10-05,1.06,4.72,1,1.12,1.12,1.06,False,False
05-10-2026 07:00,YIGIT,16.95,17.25,16.95,17.17,457976.0,0.08,0.22,0.02,947.62,0.22,160586.8,185.19,0.36,True,64.63,0.03,-0.03,0.06,2026-10-05,16.79,2.26,1,17.25,17.25,16.12,False,False
05-10-2026 07:00,GENKM,7.59,7.77,7.59,7.72,1684207.0,0.05,0.13,0.01,1757.14,0.13,564361.2,198.43,0.38,True,59.64,0.04,0.04,0.0,2026-10-05,7.58,1.85,0,,7.76,6.9,False,False
05-10-2026 07:00,CIMSA,41.9,42.74,41.86,42.74,2353510.0,0.0,0.84,0.11,650.0,0.84,823769.0,185.7,0.0,True,66.73,0.0,-0.17,0.17,2026-10-05,41.8,2.25,0,,43.84,40.94,False,False
05-10-2026 07:00,GENIL,5.1,5.46,5.08,5.41,23831057.0,0.05,0.31,0.0,15400.0,0.31,7188858.8,231.5,0.16,True,44.88,-0.17,-0.2,0.02,2026-10-05,5.3,2.08,0,,5.99,5.27,True,True
05-10-2026 07:00,GARAN,126.9,130.5,126.7,130.3,9963922.0,0.2,3.4,0.31,996.77,3.4,2585116.0,285.43,0.06,True,68.08,0.22,-0.17,0.39,2026-10-05,125.9,3.49,0,,130.6,125.3,False,False
05-10-2026 07:00,FRMPL,24.42,25.02,24.42,24.94,274529.0,0.08,0.52,0.04,1138.1,0.52,101215.6,171.23,0.15,True,72.14,0.42,0.4,0.01,2026-10-05,24.26,2.8,1,25.02,25.02,21.6,False,False
05-10-2026 07:00,XU100,12382.37,12528.6,12382.37,12513.67,1855404237.0,14.93,131.3,19.45,574.99,131.3,547259556.2,239.04,0.11,True,65.54,30.22,5.22,24.99,2026-10-05,12270.18,1.98,1,12528.6,12528.6,11926.04,False,False
05-10-2026 07:00,SKBNK,5.07,5.17,5.07,5.15,23262359.0,0.02,0.08,0.01,788.89,0.08,6344559.9,266.65,0.25,True,62.57,0.0,-0.02,0.02,2026-10-05,5.04,2.18,1,5.17,5.17,4.71,False,False
05-10-2026 07:00,AKHAN,26.84,27.8,26.84,27.62,529703.0,0.18,0.78,0.18,343.18,0.78,196853.8,169.08,0.23,True,71.62,0.36,0.14,0.22,2026-10-05,26.84,2.91,0,,28.18,24.02,False,False
05-10-2026 07:00,DOHOL,19.02,19.23,19.02,19.2,1645763.0,0.03,0.18,0.02,1100.0,0.18,728824.1,125.81,0.17,True,56.98,-0.03,-0.07,0.05,2026-10-05,18.93,1.43,0,,20.34,18.37,False,False
02-10-2026 14:00,MCARD,91.45,94.7,91.05,94.7,414579.0,0.0,3.25,0.87,273.56,3.25,195113.1,112.48,0.0,True,74.26,2.07,1.3,0.77,2026-10-02,86.1,9.99,0,,ATH,79.95,False,False
02-10-2026 14:00,BORSK,5.51,5.56,5.49,5.56,596049.0,0.0,0.05,0.01,614.29,0.05,252099.1,136.43,0.0,True,59.58,0.02,0.01,0.01,2026-10-02,5.49,1.28,0,,5.58,5.46,False,False
02-10-2026 14:00,EGEPO,6.78,7.03,6.76,6.97,1598520.0,0.06,0.19,0.02,1087.5,0.19,559755.4,185.57,0.32,True,56.74,0.01,0.01,0.01,2026-10-02,6.85,1.75,0,,7.14,6.66,False,False
02-10-2026 13:00,AGHOL,32.18,32.4,32.06,32.4,420158.0,0.0,0.22,0.06,292.86,0.22,251887.6,66.8,0.0,True,56.14,-0.04,-0.13,0.09,2026-10-02,31.8,1.89,0,,32.56,31.2,False,False
02-10-2026 13:00,DARDL,1.18,1.22,1.17,1.22,3984786.0,0.0,0.04,0.0,1233.33,0.04,1309833.3,204.22,0.0,True,70.33,0.01,0.01,0.0,2026-10-02,1.19,2.52,0,,ATH,1.08,False,False
02-10-2026 13:00,SDTTR,16.12,17.26,16.08,17.13,5008323.0,0.13,1.01,0.04,2304.76,1.01,985223.9,408.34,0.13,True,70.35,0.19,0.13,0.05,2026-10-02,16.48,3.94,0,,ATH,15.91,False,False
02-10-2026 13:00,KRTEK,5.81,6.28,5.8,6.23,428736.0,0.05,0.42,0.03,1300.0,0.42,112286.2,281.82,0.12,True,62.78,-0.04,-0.08,0.04,2026-10-02,5.8,7.41,1,6.28,6.28,5.62,True,True
02-10-2026 13:00,KRONT,19.55,21.14,19.52,21.14,477294.0,0.0,1.59,0.17,846.43,1.59,160976.1,196.5,0.0,True,75.06,0.48,0.36,0.12,2026-10-02,19.23,9.93,0,,ATH,17.01,False,False
02-10-2026 13:00,FONET,4.48,4.68,4.46,4.64,7518168.0,0.04,0.16,0.01,2185.71,0.16,3185872.9,135.98,0.25,True,76.04,0.1,0.08,0.01,2026-10-02,4.47,3.8,1,4.68,4.68,3.91,False,False
02-10-2026 13:00,ESCOM,4.54,4.67,4.52,4.64,3620193.0,0.03,0.1,0.02,525.0,0.1,1698394.7,113.15,0.3,True,67.91,0.07,0.06,0.01,2026-10-02,4.46,4.04,0,,4.75,4.43,False,False
02-10-2026 13:00,DESA,9.01,9.14,8.98,9.12,282699.0,0.02,0.11,0.02,358.33,0.11,150100.2,88.34,0.18,True,75.01,0.09,0.06,0.02,2026-10-02,8.92,2.24,0,,9.29,8.4,False,False
02-10-2026 12:00,ORCAY,2.46,2.57,2.4,2.56,847430.0,0.01,0.1,0.01,669.23,0.1,246011.4,244.47,0.1,True,73.14,0.04,0.02,0.02,2026-10-02,2.36,8.47,1,2.57,2.57,2.2,False,False
02-10-2026 12:00,AKFYE,3.63,3.71,3.62,3.69,8044143.0,0.02,0.06,0.0,1400.0,0.06,5335266.2,50.77,0.33,True,74.65,0.06,0.06,0.01,2026-10-02,3.6,2.5,0,,ATH,3.22,False,False
02-10-2026 12:00,GZNMI,30.08,31.8,30.08,31.46,503093.0,0.34,1.38,0.06,2125.81,1.38,109287.5,360.34,0.25,True,69.83,0.18,0.04,0.14,2026-10-02,29.98,4.94,1,31.8,31.8,29.64,False,False
02-10-2026 12:00,AKSGY,9.31,9.48,9.31,9.47,1145143.0,0.01,0.16,0.0,3100.0,0.16,280644.1,308.04,0.06,True,56.94,-0.02,-0.01,-0.0,2026-10-02,9.37,1.07,2,9.31,9.57,9.31,False,False
02-10-2026 12:00,MERCN,11.35,11.67,11.26,11.64,1079872.0,0.03,0.29,0.01,1971.43,0.29,693055.2,55.81,0.1,True,55.8,-0.09,-0.19,0.1,2026-10-02,11.16,4.3,0,,ATH,10.52,False,False
02-10-2026 12:00,HUNER,4.51,4.69,4.51,4.69,12066438.0,0.0,0.18,0.01,1700.0,0.18,7320870.9,64.82,0.0,True,64.15,0.04,0.04,0.0,2026-10-02,4.6,1.96,0,,4.73,4.28,False,False
02-10-2026 12:00,QUAGR,2.01,2.07,2.0,2.06,5568022.0,0.01,0.05,0.0,1566.67,0.05,2593983.7,114.65,0.2,True,62.74,0.01,-0.0,0.01,2026-10-02,2.0,3.0,0,,2.23,1.82,False,False
02-10-2026 12:00,KAREL,6.2,6.4,6.2,6.36,921007.0,0.04,0.16,0.02,566.67,0.16,388902.8,136.82,0.25,True,79.64,0.12,0.1,0.02,2026-10-02,6.13,3.75,0,,6.71,5.52,False,False
02-10-2026 12:00,KOPOL,3.21,3.28,3.21,3.27,1259004.0,0.01,0.06,0.01,500.0,0.06,621884.7,102.45,0.17,True,66.39,0.03,0.02,0.01,2026-10-02,3.18,2.83,0,,ATH,2.93,False,False
02-10-2026 11:00,CELHA,27.26,27.9,27.26,27.84,325433.0,0.06,0.58,0.1,468.63,0.58,200530.2,62.29,0.1,True,65.5,0.17,0.1,0.07,2026-10-02,27.02,3.03,0,,28.0,26.76,False,False
02-10-2026 11:00,YAPRK,8.66,8.98,8.66,8.98,665819.0,0.0,0.32,0.04,661.9,0.32,241982.4,175.15,0.0,True,68.79,0.08,0.03,0.05,2026-10-02,8.57,4.78,0,,ATH,8.1,False,False
02-10-2026 10:00,KORDS,2.86,3.1,2.86,3.07,29921571.0,0.03,0.21,0.02,775.0,0.21,4383315.6,582.62,0.14,True,78.58,0.01,-0.01,0.03,2026-10-02,2.84,8.1,0,,3.1,2.72,False,False
02-10-2026 10:00,AKFGY,2.54,2.59,2.53,2.59,3444937.0,0.0,0.05,0.01,614.29,0.05,1349046.0,155.36,0.0,True,66.36,0.02,0.02,0.0,2026-10-02,2.53,2.37,2,2.53,ATH,2.53,False,False
02-10-2026 09:00,SUWEN,4.91,5.06,4.89,5.04,476976.0,0.02,0.13,0.02,712.5,0.13,195022.3,144.58,0.15,True,55.56,-0.0,-0.02,0.01,2026-10-02,4.92,2.44,0,,5.39,4.64,False,False
02-10-2026 09:00,BLCYT,1.75,1.84,1.74,1.83,8413976.0,0.01,0.08,0.01,788.89,0.08,2696827.5,212.0,0.12,True,63.05,-0.01,-0.01,0.01,2026-10-02,1.75,4.57,0,,1.95,1.73,True,True
02-10-2026 08:00,RUBNS,15.15,15.78,15.15,15.77,655339.0,0.01,0.62,0.05,1069.81,0.62,377696.3,73.51,0.02,True,49.35,-0.41,-0.55,0.14,2026-10-02,14.92,5.7,0,,ATH,14.5,True,False
02-10-2026 08:00,ULUFA,1.43,1.44,1.42,1.44,3259728.0,0.0,0.01,0.0,233.33,0.01,2152576.2,51.43,0.0,True,61.0,0.0,-0.0,0.0,2026-10-02,1.43,0.7,0,,1.45,1.37,False,False
02-10-2026 08:00,LIDFA,1.5,1.52,1.5,1.52,3765941.0,0.0,0.02,0.0,900.0,0.02,1723083.8,118.56,0.0,True,52.05,-0.0,-0.01,0.0,2026-10-02,1.52,0.0,0,,1.54,1.49,False,False
02-10-2026 08:00,BRSAN,672.0,695.5,671.0,693.5,540800.0,2.0,21.5,5.2,313.46,21.5,207436.5,160.71,0.09,True,76.77,9.75,5.33,4.42,2026-10-02,670.5,3.43,0,,ATH,619.0,False,False
02-10-2026 08:00,BURCE,25.52,26.32,25.48,26.28,286674.0,0.04,0.76,0.21,268.93,0.76,108163.7,165.04,0.05,True,74.03,0.16,-0.07,0.23,2026-10-02,24.88,5.63,0,,27.48,23.66,False,False
02-10-2026 08:00,DURKN,10.15,10.62,10.15,10.6,1282178.0,0.02,0.45,0.02,1856.52,0.45,474686.5,170.11,0.04,True,50.74,-0.08,-0.11,0.04,2026-10-02,10.62,-0.19,0,,11.07,9.91,False,False
02-10-2026 07:00,IHAAS,15.22,18.6,15.22,18.47,4274501.0,0.13,3.25,0.32,900.0,3.25,646691.8,560.98,0.04,True,48.9,-1.16,-1.38,0.22,2026-10-02,16.91,9.23,3,,18.78,15.22,True,True
02-10-2026 07:00,KBORU,11.99,12.48,11.92,12.46,2154747.0,0.02,0.47,0.11,339.25,0.47,875572.1,146.1,0.04,True,71.49,0.11,-0.02,0.13,2026-10-02,11.92,4.53,0,,13.9,10.91,False,False
02-10-2026 07:00,TRENJ,92.5,95.5,92.5,95.45,439585.0,0.05,2.95,0.38,666.23,2.95,208499.0,110.83,0.02,True,51.82,-1.05,-1.17,0.12,2026-10-02,92.4,3.3,0,,97.6,91.2,True,True
02-10-2026 07:00,EDATA,4.74,5.34,4.68,5.34,26015740.0,0.0,0.6,0.06,900.0,0.6,5164858.2,403.71,0.0,True,49.02,-0.3,-0.37,0.07,2026-10-02,4.86,9.88,1,5.34,5.4,4.86,True,True
02-10-2026 07:00,CGCAM,20.46,21.62,20.44,21.36,486168.0,0.26,0.9,0.18,386.49,0.9,252500.7,92.54,0.29,True,69.49,0.12,-0.1,0.21,2026-10-02,20.42,4.6,1,21.62,21.62,18.8,False,False
02-10-2026 07:00,NETCD,85.5,88.55,84.8,88.25,508045.0,0.3,2.75,0.58,378.26,2.75,196919.7,158.0,0.11,True,68.94,1.03,0.34,0.69,2026-10-02,85.45,3.28,0,,94.25,77.05,False,False
02-10-2026 07:00,GUBRF,414.75,426.0,412.75,423.5,810832.0,2.5,8.75,1.62,438.46,8.75,312930.1,159.11,0.29,True,54.96,-1.98,-3.39,1.42,2026-10-02,414.75,2.11,1,426.0,426.0,400.25,False,False
02-10-2026 07:00,OBAMS,4.6,4.72,4.57,4.7,4837401.0,0.02,0.1,0.02,316.67,0.1,2284689.1,111.73,0.2,True,76.03,0.07,0.04,0.03,2026-10-02,4.59,2.4,0,,ATH,4.19,False,False
02-10-2026 07:00,EUYO,3.9,4.19,3.83,4.16,525802.0,0.03,0.26,0.06,348.28,0.26,189952.6,176.81,0.12,True,75.03,0.07,0.02,0.05,2026-10-02,3.9,6.67,0,,ATH,3.41,False,False
02-10-2026 07:00,DOFRB,72.5,77.8,72.35,77.7,1198530.0,0.1,5.2,0.5,940.0,5.2,316552.7,278.62,0.02,True,64.31,-0.63,-1.17,0.55,2026-10-02,72.3,7.47,0,,84.85,70.85,True,False
02-10-2026 07:00,BERA,12.48,13.22,12.48,13.09,5843851.0,0.13,0.61,0.09,585.39,0.61,1389786.4,320.49,0.21,True,84.43,0.37,0.29,0.08,2026-10-02,12.48,4.89,0,,ATH,10.77,False,False
02-10-2026 07:00,ORGE,22.28,22.88,22.2,22.82,1087715.0,0.06,0.54,0.15,255.26,0.54,433931.3,150.67,0.11,True,72.11,0.18,0.02,0.16,2026-10-02,22.28,2.42,0,,24.08,21.0,False,False
02-10-2026 07:00,CRDFA,8.01,8.81,8.01,8.81,1617260.0,0.0,0.8,0.12,583.76,0.8,326705.1,395.02,0.0,True,69.25,0.02,-0.15,0.17,2026-10-02,8.01,9.99,1,8.81,8.98,6.57,False,False
02-10-2026 07:00,A1YEN,1.71,1.81,1.7,1.81,5133573.0,0.0,0.1,0.02,488.24,0.1,1251987.5,310.03,0.0,True,82.26,0.04,0.02,0.02,2026-10-02,1.65,9.7,1,1.81,ATH,1.49,False,False
02-10-2026 07:00,PASEU,33.28,34.22,33.24,34.22,1267631.0,0.0,0.94,0.09,900.0,0.94,283190.0,347.63,0.0,True,77.28,1.16,0.67,0.49,2026-10-02,31.12,9.96,1,34.22,36.42,23.94,False,False
02-10-2026 07:00,MOGAN,9.56,9.95,9.55,9.94,3401007.0,0.01,0.38,0.06,512.9,0.38,1163418.5,192.33,0.03,True,74.77,0.15,0.07,0.08,2026-10-02,9.5,4.63,0,,ATH,8.68,False,False
02-10-2026 07:00,ARDYZ,65.75,67.95,65.05,67.95,2976455.0,0.0,2.2,0.41,436.59,2.2,530734.0,460.82,0.0,True,72.5,0.85,-0.07,0.92,2026-10-02,61.8,9.95,1,67.95,ATH,55.9,False,False
02-10-2026 07:00,EGEGY,14.89,15.7,14.89,15.58,1173720.0,0.12,0.69,0.06,1132.14,0.69,523858.7,124.05,0.17,True,62.7,-0.02,-0.06,0.04,2026-10-02,14.87,4.77,0,,16.53,14.83,False,False
02-10-2026 07:00,MGROS,501.5,509.5,500.5,508.5,795771.0,1.0,7.0,0.15,4566.67,7.0,434145.4,83.3,0.14,True,46.57,-4.75,-5.09,0.34,2026-10-02,500.0,1.7,0,,533.5,499.0,True,True
02-10-2026 07:00,LINK,3.64,3.78,3.64,3.78,3748101.0,0.0,0.14,0.03,438.46,0.14,1832568.6,104.53,0.0,True,66.66,0.04,0.01,0.02,2026-10-02,3.64,3.85,0,,4.0,3.36,False,False
02-10-2026 07:00,BORLS,1.61,1.73,1.6,1.73,11681449.0,0.0,0.12,0.01,757.14,0.12,3172037.9,268.26,0.0,True,68.0,-0.0,-0.02,0.02,2026-10-02,1.58,9.49,1,1.73,ATH,1.45,False,False
02-10-2026 07:00,GOLDA,8.3,9.13,8.28,9.13,10376233.0,0.0,0.83,0.09,865.12,0.83,2372970.7,337.27,0.0,True,76.95,0.19,0.11,0.08,2026-10-02,8.3,10.0,1,9.13,ATH,7.36,False,False
02-10-2026 07:00,ZERGY,7.2,7.33,7.2,7.33,2342371.0,0.0,0.13,0.01,900.0,0.13,333772.3,601.79,0.0,True,80.28,0.16,0.05,0.11,2026-10-02,6.67,9.9,1,7.33,ATH,6.67,False,False
02-10-2026 07:00,KNFRT,11.81,12.48,11.81,12.35,1827402.0,0.13,0.54,0.12,339.02,0.54,528121.4,246.02,0.24,True,87.08,0.41,0.27,0.14,2026-10-02,11.41,8.24,0,,ATH,9.52,False,False
02-10-2026 07:00,KONKA,7.95,8.75,7.94,8.56,2891247.0,0.19,0.61,0.06,989.29,0.61,640785.5,351.2,0.31,True,72.78,0.27,0.23,0.04,2026-10-02,7.96,7.54,1,8.75,8.75,6.85,False,False
02-10-2026 07:00,SANFM,4.0,4.1,3.91,4.1,1335021.0,0.0,0.1,0.02,316.67,0.1,593142.6,125.08,0.0,True,59.75,0.0,-0.05,0.05,2026-10-02,4.0,2.5,0,,5.09,3.52,False,False
02-10-2026 07:00,ASTOR,209.7,224.9,209.0,224.4,25985346.0,0.5,14.7,4.72,211.44,14.7,13438285.2,93.37,0.03,True,68.93,0.48,-4.19,4.66,2026-10-02,209.6,7.06,0,,235.2,172.1,False,False
02-10-2026 07:00,KRGYO,3.14,3.39,3.11,3.35,7708226.0,0.04,0.21,0.03,556.25,0.21,2011588.9,283.19,0.19,True,77.21,0.04,0.01,0.04,2026-10-02,3.1,8.06,1,3.39,3.39,2.75,False,False
02-10-2026 07:00,AKFIS,17.71,18.29,17.3,18.19,4986106.0,0.1,0.48,0.11,324.78,0.48,1478971.4,237.13,0.21,True,83.19,0.47,0.42,0.05,2026-10-02,17.7,2.77,0,,ATH,15.06,False,False
02-10-2026 07:00,LIDER,7.93,8.67,7.87,8.64,10201735.0,0.03,0.71,0.14,425.93,0.71,3135587.5,225.35,0.04,True,69.97,0.08,-0.09,0.16,2026-10-02,7.89,9.51,1,8.67,8.67,6.82,False,False
02-10-2026 07:00,FENER,2.41,2.46,2.41,2.45,16487387.0,0.01,0.04,0.01,400.0,0.04,7658640.3,115.28,0.25,True,71.35,0.02,0.01,0.01,2026-10-02,2.41,1.66,0,,2.46,2.27,False,False
01-10-2026 14:00,ALBTN,21.3,22.52,21.1,22.22,3571024.0,0.3,0.92,0.14,547.89,0.92,1179766.2,202.69,0.33,True,66.87,0.09,-0.12,0.21,2026-10-01,21.22,4.71,0,,23.44,19.89,False,False
01-10-2026 14:00,FORMT,0.99,1.01,0.99,1.01,6695634.0,0.0,0.02,0.01,150.0,0.02,3218281.9,108.05,0.0,True,69.62,0.01,-0.0,0.01,2026-10-01,0.92,9.78,0,,1.05,0.9,False,False
01-10-2026 14:00,BLUME,34.12,34.94,33.96,34.94,211894.0,0.0,0.82,0.16,406.17,0.82,103396.6,104.93,0.0,True,55.12,-0.17,-0.24,0.08,2026-10-01,33.54,4.17,0,,36.0,33.42,False,False
01-10-2026 12:00,ETILR,7.21,7.44,7.1,7.43,2524659.0,0.01,0.22,0.03,633.33,0.22,1044100.4,141.8,0.05,True,60.2,0.0,0.01,-0.01,2026-10-01,7.24,2.62,0,,7.73,6.96,False,False
01-10-2026 12:00,HURGZ,5.12,5.37,5.1,5.36,2675860.0,0.01,0.24,0.05,433.33,0.24,685055.5,290.6,0.04,True,67.07,-0.06,-0.13,0.07,2026-10-01,4.89,9.61,0,,6.43,4.85,True,False
01-10-2026 12:00,SARAE,37.4,38.26,37.34,38.2,2164865.0,0.06,0.8,0.25,225.2,0.8,1429889.3,51.4,0.07,True,55.68,-0.65,-1.08,0.43,2026-10-01,35.66,7.12,0,,46.24,35.02,True,False
01-10-2026 12:00,BOSSA,5.87,5.96,5.87,5.96,145687.0,0.0,0.09,0.01,592.31,0.09,86306.7,68.8,0.0,True,47.52,-0.07,-0.08,0.01,2026-10-01,5.88,1.36,0,,6.44,5.8,True,False
01-10-2026 12:00,KZBGY,1.41,1.44,1.41,1.44,6456412.0,0.0,0.03,0.01,400.0,0.03,2859836.9,125.76,0.0,True,72.25,0.01,-0.0,0.01,2026-10-01,1.36,5.88,0,,ATH,1.34,False,False
01-10-2026 12:00,KGYO,9.26,9.5,9.26,9.44,2252316.0,0.06,0.18,0.02,620.0,0.18,1213202.8,85.65,0.33,True,61.85,0.1,0.12,-0.02,2026-10-01,9.25,2.05,0,,9.67,9.09,False,False
01-10-2026 12:00,JANTS,13.78,13.9,13.73,13.9,333400.0,0.0,0.12,0.06,100.0,0.12,144550.1,130.65,0.0,True,66.96,0.01,-0.09,0.1,2026-10-01,13.21,5.22,0,,14.69,13.1,False,False
01-10-2026 11:00,SMRTG,4.89,5.02,4.84,5.01,5102310.0,0.01,0.12,0.03,361.54,0.12,3238153.5,57.57,0.08,True,59.92,-0.01,-0.05,0.04,2026-10-01,4.72,6.14,0,,5.19,4.5,False,False
01-10-2026 11:00,EKOS,3.39,3.47,3.39,3.46,1396724.0,0.01,0.07,0.01,1066.67,0.07,784160.0,78.12,0.14,True,58.56,-0.01,-0.04,0.03,2026-10-01,3.26,6.13,0,,3.52,3.23,False,False
01-10-2026 11:00,ASGYO,9.99,10.12,9.98,10.09,479121.0,0.03,0.1,0.01,614.29,0.1,295650.3,62.06,0.3,True,63.82,-0.01,-0.03,0.02,2026-10-01,9.81,2.85,0,,10.1,9.75,False,False
01-10-2026 11:00,MEYSU,8.29,8.61,8.28,8.58,2686450.0,0.03,0.29,0.04,683.78,0.29,1229556.6,118.49,0.1,True,65.64,-0.01,-0.05,0.05,2026-10-01,8.05,6.58,0,,ATH,7.92,False,False
01-10-2026 11:00,GESAN,41.46,43.18,41.18,42.94,2537558.0,0.24,1.48,0.24,511.57,1.48,1511624.8,67.87,0.16,True,59.86,-0.54,-0.92,0.38,2026-10-01,39.76,8.0,0,,43.64,38.68,True,False
01-10-2026 11:00,GSDHO,4.01,4.07,4.0,4.06,4255451.0,0.01,0.05,0.0,2400.0,0.05,2312856.5,83.99,0.2,True,56.37,-0.01,-0.02,0.01,2026-10-01,3.97,2.27,0,,4.23,3.91,False,False
01-10-2026 11:00,EMKEL,7.86,8.05,7.86,8.03,341323.0,0.02,0.17,0.04,277.78,0.17,205219.4,66.32,0.12,True,63.52,-0.02,-0.07,0.05,2026-10-01,7.67,4.69,0,,ATH,7.52,False,False
01-10-2026 11:00,ZOREN,1.93,1.95,1.91,1.95,12602147.0,0.0,0.02,0.01,233.33,0.02,5914612.6,113.07,0.0,True,54.85,-0.02,-0.03,0.01,2026-10-01,1.87,4.28,0,,1.98,1.86,True,False
01-10-2026 11:00,ADESE,0.63,0.67,0.63,0.66,49729934.0,0.01,0.03,0.0,2900.0,0.03,15286372.6,225.32,0.33,True,59.59,-0.0,-0.01,0.0,2026-10-01,0.62,6.45,1,0.67,0.67,0.61,True,False
01-10-2026 11:00,ISFIN,17.54,17.8,17.53,17.77,191957.0,0.03,0.23,0.02,858.33,0.23,113972.3,68.42,0.13,True,54.35,-0.05,-0.08,0.03,2026-10-01,17.65,0.68,0,,18.12,17.2,False,False
01-10-2026 11:00,INVEO,5.62,5.72,5.62,5.71,556313.0,0.01,0.09,0.02,275.0,0.09,356665.1,55.98,0.11,True,57.09,-0.06,-0.1,0.04,2026-10-01,5.4,5.74,0,,6.2,5.38,True,False
01-10-2026 11:00,VAKBN,32.86,34.26,32.7,34.2,11228512.0,0.06,1.34,0.11,1164.15,1.34,4430172.4,153.46,0.04,True,65.69,-0.17,-0.26,0.1,2026-10-01,32.26,6.01,0,,34.54,32.18,False,False
01-10-2026 11:00,BOBET,16.23,16.73,16.22,16.6,568116.0,0.13,0.37,0.07,436.23,0.37,177092.0,220.8,0.35,True,69.03,0.02,-0.06,0.08,2026-10-01,15.76,5.33,0,,16.9,15.71,False,False
01-10-2026 11:00,DAGI,5.19,5.43,5.19,5.43,992367.0,0.0,0.24,0.04,485.37,0.24,540326.0,83.66,0.0,True,71.66,0.04,-0.03,0.07,2026-10-01,4.97,9.26,0,,6.0,4.59,False,False
01-10-2026 11:00,OYYAT,27.64,28.34,27.46,28.22,208953.0,0.12,0.58,0.12,400.0,0.58,107576.3,94.24,0.21,True,55.89,-0.14,-0.26,0.12,2026-10-01,27.56,2.39,0,,29.44,26.72,False,False
01-10-2026 10:00,TEKTU,4.64,4.82,4.62,4.81,2039695.0,0.01,0.17,0.03,553.85,0.17,901152.2,126.34,0.06,True,67.17,-0.02,-0.05,0.04,2026-10-01,4.41,9.07,0,,ATH,4.36,False,False
01-10-2026 10:00,GENTS,4.08,4.15,4.08,4.15,659754.0,0.0,0.07,0.01,600.0,0.07,415734.7,58.7,0.0,True,57.15,-0.02,-0.03,0.02,2026-10-01,4.03,2.98,0,,4.17,3.97,True,False
01-10-2026 10:00,BETAE,57.55,59.9,57.55,59.4,1279754.0,0.5,1.85,0.19,848.72,1.85,710903.1,80.02,0.27,True,64.39,0.04,-0.46,0.49,2026-10-01,55.25,7.51,0,,63.5,55.25,False,False
01-10-2026 10:00,IMASM,1.57,1.61,1.57,1.6,2185743.0,0.01,0.03,0.01,233.33,0.03,1301337.8,67.96,0.33,True,65.21,0.0,-0.01,0.01,2026-10-01,1.5,6.67,0,,ATH,1.47,False,False
01-10-2026 10:00,ALKIM,11.99,12.15,11.98,12.13,348646.0,0.02,0.14,0.0,3400.0,0.14,118254.8,194.83,0.14,True,54.58,-0.05,-0.09,0.04,2026-10-01,11.85,2.36,0,,12.38,11.7,False,False
01-10-2026 10:00,HEDEF,7.52,8.19,7.52,8.12,13657931.0,0.07,0.6,0.06,900.0,0.6,4535100.9,201.16,0.12,True,31.86,-0.59,-0.62,0.03,2026-10-01,8.35,-2.75,2,7.52,9.27,7.52,True,True
01-10-2026 09:00,EUPWR,49.92,52.6,49.78,52.05,5721202.0,0.55,2.13,0.39,441.98,2.13,1983455.3,188.45,0.26,True,47.75,-1.83,-2.0,0.17,2026-10-01,50.1,3.89,0,,64.0,46.06,True,False
01-10-2026 08:00,TEZOL,7.44,7.76,7.36,7.68,565605.0,0.08,0.24,0.05,389.8,0.24,307330.5,84.04,0.33,True,75.85,0.06,0.02,0.05,2026-10-01,7.39,3.92,0,,ATH,7.1,False,False
01-10-2026 08:00,MERKO,0.92,0.94,0.91,0.94,2627060.0,0.0,0.02,0.0,1900.0,0.02,1529113.2,71.8,0.0,True,49.47,-0.01,-0.01,0.0,2026-10-01,0.92,2.17,0,,0.96,0.9,True,False
01-10-2026 08:00,MOPAS,18.53,18.85,18.36,18.84,211200.0,0.01,0.31,0.02,1376.19,0.31,123351.2,71.22,0.03,True,54.4,-0.09,-0.14,0.06,2026-10-01,18.59,1.34,0,,18.94,18.09,True,False
01-10-2026 08:00,KFEIN,5.92,6.06,5.85,6.06,573685.0,0.0,0.14,0.0,3400.0,0.14,381988.6,50.18,0.0,True,57.71,-0.04,-0.06,0.02,2026-10-01,5.72,5.94,0,,6.27,5.67,False,False
01-10-2026 08:00,EMPAE,42.28,44.3,42.22,43.86,523306.0,0.44,1.58,0.24,569.49,1.58,338740.0,54.49,0.28,True,52.3,-0.89,-1.12,0.24,2026-10-01,41.76,5.03,0,,51.0,41.12,True,False
01-10-2026 08:00,TUREX,5.78,6.06,5.76,6.05,6962717.0,0.01,0.27,0.05,390.91,0.27,1974800.4,252.58,0.04,True,74.6,0.04,0.0,0.04,2026-10-01,5.6,8.04,0,,ATH,5.46,False,False
01-10-2026 08:00,TATEN,4.81,4.96,4.78,4.96,7467260.0,0.0,0.15,0.02,500.0,0.15,3250342.6,129.74,0.0,True,73.01,0.03,-0.04,0.07,2026-10-01,4.51,9.98,0,,5.08,4.28,False,False
01-10-2026 08:00,PCILT,30.46,31.36,30.4,31.3,312175.0,0.06,0.84,0.05,1455.56,0.84,132953.7,134.8,0.07,True,60.71,-0.02,-0.07,0.06,2026-10-01,30.1,3.99,0,,31.38,29.9,False,False
01-10-2026 08:00,BINBN,52.75,55.1,52.75,54.75,859362.0,0.35,2.0,0.2,900.0,2.0,269905.5,218.39,0.18,True,19.94,-4.61,-4.63,0.02,2026-10-01,58.6,-6.57,0,,88.0,52.75,True,True
01-10-2026 07:00,YESIL,0.81,0.83,0.81,0.83,1684358.0,0.0,0.02,0.0,1900.0,0.02,692583.1,143.2,0.0,True,49.74,-0.01,-0.01,0.0,2026-10-01,0.8,3.75,0,,0.85,0.8,True,True
01-10-2026 07:00,CONSE,1.6,1.64,1.6,1.63,768552.0,0.01,0.03,0.0,650.0,0.03,465402.4,65.14,0.33,True,52.17,-0.02,-0.02,0.0,2026-10-01,1.58,3.16,0,,1.64,1.57,True,False
01-10-2026 07:00,ESCAR,13.15,15.53,13.11,15.19,1230928.0,0.34,2.04,0.2,900.0,2.04,161062.8,664.25,0.17,True,42.73,-0.96,-1.07,0.11,2026-10-01,14.5,4.76,2,13.11,19.88,13.11,True,True
01-10-2026 07:00,AAGYO,8.8,9.48,8.36,9.48,17093997.0,0.0,0.68,0.09,615.79,0.68,2480300.6,589.19,0.0,True,90.53,0.24,0.14,0.1,2026-10-01,8.62,9.98,3,,ATH,7.68,False,False
01-10-2026 07:00,ZRGYO,19.0,19.56,19.0,19.49,426843.0,0.07,0.49,0.02,1941.67,0.49,179905.0,137.26,0.14,True,52.3,0.01,0.06,-0.05,2026-10-01,19.3,0.98,2,19.0,19.72,19.0,False,False
01-10-2026 07:00,GOODY,2.09,2.15,2.09,2.14,1166425.0,0.01,0.05,0.01,733.33,0.05,699918.4,66.65,0.2,True,56.32,-0.01,-0.02,0.01,2026-10-01,2.09,2.39,0,,2.16,2.04,True,False
01-10-2026 07:00,HRKET,8.08,8.42,8.05,8.35,6931202.0,0.07,0.27,0.0,8900.0,0.27,3412141.1,103.13,0.26,True,58.14,0.05,0.06,-0.0,2026-10-01,8.1,3.09,0,,8.47,7.83,False,False
01-10-2026 07:00,PAPIL,7.46,7.9,7.44,7.9,1095689.0,0.0,0.44,0.06,645.76,0.44,691883.0,58.36,0.0,True,65.2,-0.05,-0.12,0.07,2026-10-01,7.39,6.9,0,,8.43,7.2,True,False
01-10-2026 07:00,SELVA,1.14,1.16,1.14,1.16,2748415.0,0.0,0.02,0.0,1900.0,0.02,1037093.7,165.01,0.0,True,58.92,-0.01,-0.01,0.0,2026-10-01,1.13,2.65,0,,ATH,1.1,True,False
30-09-2026 14:00,RNPOL,1.73,1.87,1.71,1.87,571421.0,0.0,0.14,0.01,1455.56,0.14,285652.8,100.04,0.0,True,53.9,-0.04,-0.04,0.0,2026-09-30,1.85,1.08,1,1.87,2.09,1.7,True,True
30-09-2026 14:00,BIOEN,10.59,11.94,10.32,11.57,5407434.0,0.37,0.98,0.02,4800.0,0.98,1270527.8,325.61,0.38,True,62.73,0.17,0.19,-0.02,2026-09-30,11.33,2.12,3,,11.85,9.18,False,False
30-09-2026 12:00,DENGE,1.68,1.85,1.68,1.82,15575717.0,0.03,0.14,0.02,833.33,0.14,2558841.0,508.7,0.21,True,68.59,-0.02,-0.03,0.01,2026-09-30,1.69,7.69,0,,ATH,1.65,True,True
30-09-2026 11:00,MACKO,23.86,25.32,23.82,25.08,2354899.0,0.24,1.22,0.04,3110.53,1.22,332275.9,608.72,0.2,True,47.95,-0.41,-0.39,-0.02,2026-09-30,25.3,-0.87,0,,25.86,23.7,True,True
30-09-2026 10:00,KATMR,1.5,1.56,1.49,1.56,26576806.0,0.0,0.06,0.01,900.0,0.06,11833805.1,124.58,0.0,True,62.76,-0.0,-0.01,0.01,2026-09-30,1.47,6.12,0,,ATH,1.45,False,False
30-09-2026 08:00,EGSER,2.43,2.54,2.41,2.53,601948.0,0.01,0.1,0.01,1566.67,0.1,162665.2,270.05,0.1,True,52.96,-0.02,-0.03,0.01,2026-09-30,2.48,2.02,0,,2.71,2.4,True,True
30-09-2026 08:00,PRDGS,3.82,3.93,3.81,3.91,434414.0,0.02,0.09,0.0,2.026619832316729e+17,0.09,257039.6,69.01,0.22,True,49.24,-0.03,-0.03,0.0,2026-09-30,3.85,1.56,1,3.93,3.93,3.68,False,False
30-09-2026 07:00,SNGYO,2.7,2.78,2.64,2.76,8531441.0,0.02,0.06,0.01,757.14,0.06,2246679.0,279.74,0.33,True,63.83,-0.0,-0.02,0.02,2026-09-30,2.66,3.76,0,,2.85,2.57,False,False
30-09-2026 07:00,AKYHO,1.57,1.7,1.56,1.69,1124269.0,0.01,0.12,0.01,1400.0,0.12,160041.8,602.48,0.08,True,63.29,-0.02,-0.02,0.01,2026-09-30,1.55,9.03,1,1.7,1.7,1.54,True,True
30-09-2026 07:00,CITAS,117.1,126.0,115.2,125.2,3754695.0,0.8,8.1,0.45,1700.0,8.1,983707.7,281.69,0.1,True,77.46,4.26,4.6,-0.34,2026-09-30,115.2,8.68,0,,ATH,107.4,False,False
30-09-2026 07:00,AKSA,10.32,10.51,10.23,10.48,4023926.0,0.03,0.16,0.0,5233.33,0.16,974599.9,312.88,0.19,True,49.17,-0.08,-0.09,0.01,2026-09-30,10.29,1.85,0,,ATH,10.29,True,True
30-09-2026 07:00,CEMZY,5.64,6.42,5.64,6.35,15453696.0,0.07,0.71,0.07,900.0,0.71,1963181.8,687.18,0.1,True,40.44,-0.39,-0.4,0.02,2026-09-30,6.26,1.44,3,,9.42,5.64,True,True
30-09-2026 07:00,EYGYO,1.94,2.06,1.86,2.04,5610320.0,0.02,0.1,0.01,900.0,0.1,787349.0,612.56,0.2,True,59.93,-0.01,-0.01,0.0,2026-09-30,1.95,4.62,3,,2.11,1.92,False,False
30-09-2026 07:00,DMSAS,5.86,6.16,5.86,6.16,1002682.0,0.0,0.3,0.01,3650.0,0.3,535877.4,87.11,0.0,True,61.71,0.07,0.06,0.01,2026-09-30,5.91,4.23,0,,6.23,5.49,False,False
29-09-2026 14:00,EKSUN,4.27,4.55,4.25,4.47,1471642.0,0.08,0.2,0.02,1076.47,0.2,303189.9,385.39,0.4,True,57.64,-0.05,-0.07,0.02,2026-09-29,4.31,3.71,0,,4.66,4.21,True,True
29-09-2026 14:00,YEOTK,29.4,30.12,29.2,29.92,3504656.0,0.2,0.52,0.08,550.0,0.52,1083940.2,223.33,0.38,True,50.54,-0.25,-0.34,0.09,2026-09-29,29.5,1.42,1,30.12,30.12,28.6,True,False
29-09-2026 13:00,BEGYO,2.61,2.62,2.59,2.62,505367.0,0.0,0.01,0.0,400.0,0.01,231787.4,118.03,0.0,True,30.75,-0.05,-0.05,0.01,2026-09-29,2.62,0.0,1,2.62,ATH,2.56,True,False
29-09-2026 12:00,MSGYO,4.84,5.1,4.8,5.1,2525264.0,0.0,0.26,0.04,504.65,0.26,354105.9,613.14,0.0,True,69.71,-0.01,-0.05,0.04,2026-09-29,4.64,9.91,0,,ATH,4.58,True,False
29-09-2026 12:00,AKSEN,70.2,74.5,70.15,74.2,5372440.0,0.3,4.0,0.46,769.57,4.0,1606957.0,234.32,0.07,True,65.57,0.47,0.14,0.33,2026-09-29,71.6,3.63,0,,ATH,65.95,False,False
29-09-2026 10:00,LKMNH,11.44,11.86,11.43,11.86,245132.0,0.0,0.42,0.05,757.14,0.42,157297.2,55.84,0.0,True,55.46,-0.1,-0.12,0.02,2026-09-29,11.43,3.76,0,,12.33,11.2,True,False
29-09-2026 10:00,RYSAS,26.0,26.86,25.94,26.68,2354111.0,0.18,0.68,0.05,1159.26,0.68,816510.5,188.31,0.26,True,54.08,-0.1,-0.17,0.07,2026-09-29,26.54,0.53,1,26.86,26.86,25.38,False,False
29-09-2026 09:00,DCTTR,3.32,3.47,3.32,3.44,1270847.0,0.03,0.12,0.01,990.91,0.12,501229.0,153.55,0.25,True,41.87,-0.07,-0.07,0.0,2026-09-29,3.35,2.69,0,,3.73,ATL,True,True
29-09-2026 07:00,SKYMD,17.4,18.18,17.3,18.07,2079464.0,0.11,0.67,0.13,415.38,0.67,809452.3,156.9,0.16,True,72.11,0.34,0.28,0.06,2026-09-29,17.4,3.85,0,,ATH,15.16,False,False
29-09-2026 07:00,PAHOL,0.83,0.87,0.82,0.86,107925150.0,0.01,0.03,0.0,650.0,0.03,19419594.4,455.75,0.33,True,30.52,-0.03,-0.03,-0.0,2026-09-29,0.87,-1.15,2,0.82,ATH,0.82,False,False
28-09-2026 13:00,HALKB,43.76,46.74,43.66,46.66,10920450.0,0.08,2.9,0.25,1069.35,2.9,2547992.8,328.59,0.03,True,69.33,-0.24,-0.35,0.12,2026-09-28,44.9,3.92,0,,ATH,43.26,True,True
28-09-2026 12:00,TURSG,5.41,5.76,5.37,5.72,67214055.0,0.04,0.31,0.0,6100.0,0.31,20698585.2,224.73,0.13,True,46.85,-0.11,-0.09,-0.02,2026-09-28,5.89,-2.89,0,,6.02,5.31,False,False
28-09-2026 12:00,MERIT,13.6,13.99,13.59,13.91,505779.0,0.08,0.31,0.0,10233.33,0.31,148495.4,240.6,0.26,True,45.99,-0.13,-0.11,-0.01,2026-09-28,14.03,-0.86,0,,ATH,13.44,False,False
28-09-2026 12:00,GRTHO,118.4,123.8,117.7,123.1,411900.0,0.7,4.7,0.69,581.16,4.7,265321.2,55.25,0.15,True,70.32,1.65,0.96,0.69,2026-09-28,116.1,6.03,0,,123.8,105.8,False,False
28-09-2026 09:00,FLAP,11.94,12.2,11.93,12.13,160639.0,0.07,0.19,0.03,660.0,0.19,61105.0,162.89,0.37,True,49.91,-0.01,-0.01,-0.0,2026-09-28,12.2,-0.57,0,,12.42,11.81,False,False
25-09-2026 14:00,GSDDE,12.32,12.45,12.32,12.44,573106.0,0.01,0.12,0.03,300.0,0.12,254175.6,125.48,0.08,True,58.34,-0.0,-0.03,0.03,2026-09-25,12.06,3.15,0,,ATH,11.98,False,False
25-09-2026 14:00,ARZUM,1.21,1.25,1.21,1.24,2396466.0,0.01,0.03,0.01,500.0,0.03,813303.6,194.66,0.33,True,62.63,-0.0,-0.0,0.0,2026-09-25,1.19,4.2,1,1.25,1.25,1.19,False,False
25-09-2026 14:00,ARSAN,3.65,3.69,3.65,3.69,1830212.0,0.0,0.04,0.0,3900.0,0.04,879321.3,108.14,0.0,True,46.59,-0.02,-0.02,0.0,2026-09-25,3.66,0.82,0,,ATH,ATL,False,False
25-09-2026 14:00,POLHO,19.32,19.95,19.31,19.95,664598.0,0.0,0.63,0.11,500.0,0.63,128662.8,416.54,0.0,True,76.93,0.08,-0.01,0.09,2026-09-25,18.8,6.12,0,,ATH,18.53,False,False
25-09-2026 14:00,DERHL,1.58,1.6,1.58,1.6,1263127.0,0.0,0.02,0.01,233.33,0.02,727470.3,73.63,0.0,True,49.41,-0.01,-0.01,0.0,2026-09-25,1.55,3.23,0,,ATH,1.55,False,False
25-09-2026 13:00,TATGD,16.56,16.9,16.52,16.81,402358.0,0.09,0.25,0.01,2677.78,0.25,114714.9,250.75,0.36,True,52.15,-0.04,-0.04,0.0,2026-09-25,16.7,0.66,1,16.9,16.9,ATL,False,False
25-09-2026 12:00,ORZAX,76.1,77.65,76.05,77.6,246742.0,0.05,1.5,0.11,1204.35,1.5,134968.2,82.81,0.03,True,64.57,-0.11,-0.29,0.17,2026-09-25,74.3,4.44,1,77.65,77.65,73.4,False,False
25-09-2026 11:00,AZTEK,3.37,3.56,3.36,3.54,1387944.0,0.02,0.17,0.02,750.0,0.17,442819.7,213.43,0.12,True,57.57,-0.01,-0.02,0.01,2026-09-25,3.36,5.36,0,,ATH,3.31,False,False
25-09-2026 11:00,BJKAS,1.65,1.75,1.65,1.74,66065059.0,0.01,0.09,0.01,650.0,0.09,29779715.2,121.85,0.11,True,63.87,-0.0,-0.01,0.01,2026-09-25,1.62,7.41,1,1.75,1.75,1.58,False,False
25-09-2026 08:00,TOASO,282.75,288.75,281.5,288.5,785897.0,0.25,5.75,0.22,2455.56,5.75,282524.1,178.17,0.04,True,68.23,0.54,0.11,0.42,2026-09-25,279.5,3.22,0,,ATH,277.75,False,False
25-09-2026 08:00,CATES,31.74,33.5,31.7,33.2,742879.0,0.3,1.46,0.13,1040.63,1.46,355829.8,108.77,0.21,True,55.55,-0.24,-0.26,0.02,2026-09-25,31.0,7.1,0,,ATH,30.98,False,False
25-09-2026 07:00,GIPTA,29.54,35.0,29.54,33.84,9580316.0,1.16,4.3,0.43,900.0,4.3,967373.6,890.34,0.27,True,48.01,-0.52,-0.47,-0.05,2026-09-25,32.82,3.11,3,,ATH,29.54,False,False
25-09-2026 07:00,IDGYO,2.24,2.37,2.17,2.35,1127597.0,0.02,0.11,0.02,547.06,0.11,186428.2,504.84,0.18,True,57.98,-0.0,-0.01,0.01,2026-09-25,2.25,4.44,2,2.17,ATH,2.17,False,False
25-09-2026 07:00,ECOGR,30.0,30.84,30.0,30.74,371203.0,0.1,0.74,0.07,927.78,0.74,203493.4,82.42,0.14,True,52.28,-0.1,-0.12,0.02,2026-09-25,30.18,1.86,0,,ATH,29.52,False,False
25-09-2026 07:00,KUYAS,31.52,36.76,31.52,36.68,11968099.0,0.08,5.16,0.53,873.58,5.16,3484734.2,243.44,0.02,True,58.79,-0.3,-0.4,0.1,2026-09-25,33.42,9.75,1,36.76,36.76,31.5,False,False
24-09-2026 14:00,ENTRA,4.13,4.24,4.13,4.21,7080405.0,0.03,0.08,0.01,1233.33,0.08,1463284.8,383.87,0.38,True,75.64,0.01,0.0,0.0,2026-09-24,4.15,1.45,1,4.24,4.24,4.09,False,False
24-09-2026 11:00,REEDR,3.95,4.21,3.9,4.2,5322831.0,0.01,0.25,0.0,4900.0,0.25,2025028.6,162.85,0.04,True,64.16,-0.0,-0.01,0.0,2026-09-24,4.03,4.22,2,3.9,ATH,3.9,False,False
