Tarih,Hisse,open,high,low,close,volume,YuksekKapanis_Fark,AcilisKapanis_Fark,AcilisKapanisFark_Ort,AcilisKapanisFark_OrtalamayaGoreDegisim,AcilisKapanisFarkOrt_MaxSon10,HacimOrtalama,%Hacim_HacimOrtalama,Fark_Orani,Kosul,rsi,MACD_12_26_9,MACDs_12_26_9,MACDh_12_26_9,Tarih1,prev_close,%Deg,isPivot,pointpos,destek,direnc,Tsinyal_Banker_Dip,Tsinyal_Banker_DipKarar
31-03-2026 10:00,VAKKO,83.65,87.4,83.5,87.0,342540.0,0.4,3.35,0.57,482.61,3.35,163240.7,109.84,0.12,True,81.2,1.92,1.41,0.5,2026-03-31,83.35,4.38,0,,76.65,ATH,False,False
31-03-2026 10:00,AYDEM,30.62,31.72,30.62,31.54,1906660.0,0.18,0.92,0.18,400.0,0.92,813125.9,134.49,0.2,True,86.28,0.9,0.66,0.24,2026-03-31,29.86,5.63,0,,26.62,ATH,False,False
31-03-2026 10:00,ZERGY,18.83,19.2,18.7,19.16,430021.0,0.04,0.33,0.01,3566.67,0.33,192300.2,123.62,0.12,True,44.32,-0.4,-0.45,0.05,2026-03-31,18.85,1.64,0,,18.5,22.26,True,True
31-03-2026 10:00,AYEN,32.14,33.5,32.12,33.32,683518.0,0.18,1.18,0.25,368.25,1.18,280468.3,143.71,0.15,True,84.0,0.73,0.36,0.37,2026-03-31,30.54,9.1,0,,27.78,ATH,False,False
31-03-2026 10:00,YKBNK,32.84,33.4,32.84,33.3,18873334.0,0.1,0.46,0.02,1990.91,0.46,9716465.6,94.24,0.22,True,52.57,-0.15,-0.18,0.03,2026-03-31,32.72,1.77,0,,32.82,34.66,True,True
31-03-2026 10:00,REEDR,7.06,7.71,7.0,7.69,30645769.0,0.02,0.63,0.06,932.79,0.63,7055608.0,334.35,0.03,True,67.22,-0.1,-0.16,0.06,2026-03-31,7.01,9.7,0,,7.64,8.11,True,True
31-03-2026 10:00,GWIND,29.22,30.6,29.16,30.5,5029975.0,0.1,1.28,0.31,307.64,1.28,3129472.9,60.73,0.08,True,86.7,0.79,0.51,0.28,2026-03-31,28.64,6.49,0,,25.92,ATH,False,False
31-03-2026 10:00,MARKA,57.0,57.25,56.25,57.25,556662.0,0.0,0.25,0.02,900.0,0.25,88808.3,526.81,0.0,True,85.56,2.33,1.84,0.49,2026-03-31,52.05,9.99,0,,42.42,ATH,False,False
31-03-2026 10:00,AKFYE,22.16,23.0,22.16,22.94,2298613.0,0.06,0.78,0.17,364.29,0.78,933788.8,146.16,0.08,True,83.61,0.42,0.14,0.28,2026-03-31,21.36,7.4,0,,19.34,22.98,False,False
30-03-2026 17:00,TRILC,15.55,15.9,15.45,15.9,863457.0,0.0,0.35,0.0,17400.0,0.35,426207.6,102.59,0.0,True,54.21,0.01,0.0,0.0,2026-03-30,15.95,-0.31,0,,15.4,16.08,False,False
30-03-2026 17:00,RUBNS,40.86,42.4,40.82,42.4,331078.0,0.0,1.54,0.08,1926.32,1.54,173353.8,90.98,0.0,True,67.35,0.28,0.37,-0.09,2026-03-30,41.5,2.17,0,,40.38,42.48,False,False
30-03-2026 17:00,MOGAN,12.16,12.67,12.1,12.67,13782556.0,0.0,0.51,0.11,351.33,0.51,4651148.2,196.33,0.0,True,64.45,0.09,0.06,0.03,2026-03-30,11.52,9.98,0,,11.35,ATH,False,False
30-03-2026 17:00,ANSGR,26.72,27.06,26.6,27.0,1043532.0,0.06,0.28,0.01,3400.0,0.28,504896.2,106.68,0.21,True,48.64,-0.16,-0.2,0.04,2026-03-30,26.94,0.22,0,,26.52,28.36,True,False
30-03-2026 17:00,LIDER,118.9,122.9,118.7,122.0,285804.0,0.9,3.1,0.39,694.87,3.1,114832.5,148.89,0.29,True,73.69,2.46,2.31,0.15,2026-03-30,118.5,2.95,0,,106.5,ATH,False,False
30-03-2026 17:00,GENTS,7.78,8.14,7.76,8.14,9256710.0,0.0,0.36,0.07,445.45,0.36,2460670.8,276.19,0.0,True,67.34,0.03,-0.04,0.07,2026-03-30,7.4,10.0,0,,7.33,8.3,False,False
30-03-2026 17:00,ISFIN,18.98,19.22,18.9,19.21,418952.0,0.01,0.23,0.01,2200.0,0.23,162377.4,158.01,0.04,True,47.62,-0.17,-0.17,0.01,2026-03-30,19.27,-0.31,0,,18.24,20.1,False,False
30-03-2026 17:00,FRIGO,9.5,9.66,9.47,9.63,2703973.0,0.03,0.13,0.02,420.0,0.13,1049983.2,157.53,0.23,True,70.09,0.06,0.03,0.03,2026-03-30,9.43,2.12,0,,9.07,9.79,False,False
30-03-2026 17:00,KAREL,8.34,8.42,8.31,8.42,1232544.0,0.0,0.08,0.0,3900.0,0.08,782318.8,57.55,0.0,True,49.24,-0.03,-0.03,0.0,2026-03-30,8.41,0.12,0,,8.25,8.65,False,False
30-03-2026 17:00,EDATA,15.55,16.58,15.54,16.58,5854111.0,0.0,1.03,0.17,513.1,1.03,1587851.9,268.68,0.0,True,75.12,0.31,0.18,0.12,2026-03-30,15.08,9.95,0,,14.27,ATH,False,False
30-03-2026 17:00,MOBTL,11.42,11.9,11.42,11.84,4026005.0,0.06,0.42,0.04,1005.26,0.42,1594904.6,152.43,0.14,True,76.98,0.19,0.18,0.01,2026-03-30,11.4,3.86,0,,10.65,ATH,False,False
30-03-2026 17:00,AKSEN,73.85,78.75,73.6,78.75,7757187.0,0.0,4.9,0.7,595.04,4.9,1526961.6,408.01,0.0,True,73.71,-0.1,-0.74,0.64,2026-03-30,71.6,9.99,0,,70.55,81.25,False,False
30-03-2026 17:00,MIATK,40.0,41.36,39.98,41.36,15831856.0,0.0,1.36,0.38,259.79,1.36,4356441.8,263.41,0.0,True,79.53,0.59,0.2,0.4,2026-03-30,37.6,10.0,0,,36.84,ATH,False,False
30-03-2026 17:00,MERKO,15.43,16.59,15.41,16.54,5863563.0,0.05,1.11,0.15,640.0,1.11,1641122.2,257.29,0.05,True,70.08,-0.05,-0.2,0.14,2026-03-30,15.14,9.25,0,,14.29,ATH,False,False
30-03-2026 16:00,IHGZT,1.36,1.37,1.35,1.37,3717239.0,0.0,0.01,0.0,900.0,0.01,1946634.9,90.96,0.0,True,42.27,-0.01,-0.01,0.0,2026-03-30,1.38,-0.72,0,,1.36,1.42,True,True
30-03-2026 16:00,KAYSE,4.29,4.32,4.24,4.32,2981793.0,0.0,0.03,0.0,2900.0,0.03,1115599.9,167.28,0.0,True,50.54,-0.02,-0.03,0.01,2026-03-30,4.26,1.41,0,,4.23,4.5,True,False
30-03-2026 16:00,SERNT,8.08,8.3,8.0,8.24,2395934.0,0.06,0.16,0.02,966.67,0.16,971290.6,146.68,0.38,True,62.52,0.06,0.07,-0.01,2026-03-30,8.16,0.98,0,,7.96,8.37,False,False
30-03-2026 16:00,SAFKR,28.42,28.92,28.3,28.84,2602206.0,0.08,0.42,0.03,1515.38,0.42,1284038.4,102.66,0.19,True,69.14,0.63,0.6,0.04,2026-03-30,28.06,2.78,0,,25.64,ATH,False,False
30-03-2026 16:00,BURCE,44.8,46.84,44.52,46.84,785281.0,0.0,2.04,0.14,1316.67,2.04,464893.5,68.92,0.0,True,63.85,0.51,0.55,-0.03,2026-03-30,44.94,4.23,0,,38.34,46.96,False,False
30-03-2026 15:00,ARDYZ,39.04,40.3,38.8,40.16,1690359.0,0.14,1.12,0.09,1202.33,1.12,529177.6,219.43,0.13,True,54.31,-0.5,-0.59,0.09,2026-03-30,39.04,2.87,0,,38.0,41.98,True,False
30-03-2026 15:00,YAPRK,14.79,15.36,14.79,15.3,657890.0,0.06,0.51,0.08,545.57,0.51,437508.6,50.37,0.12,True,58.31,-0.17,-0.3,0.13,2026-03-30,14.28,7.14,0,,13.67,18.1,True,False
30-03-2026 15:00,AKSUE,27.28,27.94,27.18,27.76,459797.0,0.18,0.48,0.06,700.0,0.48,205077.8,124.21,0.37,True,48.68,-0.3,-0.32,0.01,2026-03-30,27.2,2.06,0,,26.68,29.18,False,False
30-03-2026 15:00,ALKLC,310.5,319.0,309.75,316.75,412058.0,2.25,6.25,0.4,1462.5,6.25,128161.9,221.51,0.36,True,60.92,1.61,1.71,-0.1,2026-03-30,313.0,1.2,0,,302.0,324.0,False,False
30-03-2026 14:00,BLCYT,44.04,45.52,43.92,45.42,378822.0,0.1,1.38,0.11,1154.55,1.38,121173.7,212.63,0.07,True,53.45,-0.71,-0.93,0.22,2026-03-30,43.88,3.51,0,,43.3,50.35,True,True
30-03-2026 14:00,KLRHO,108.6,117.7,108.6,117.7,1806080.0,0.0,9.1,1.74,422.99,9.1,906601.4,99.21,0.0,True,72.66,0.69,-1.07,1.75,2026-03-30,107.0,10.0,0,,99.3,130.1,False,False
30-03-2026 14:00,SARKY,26.18,26.9,26.12,26.84,1564391.0,0.06,0.66,0.06,931.25,0.66,723397.3,116.26,0.09,True,49.06,-0.35,-0.39,0.05,2026-03-30,26.46,1.44,0,,26.0,27.98,True,True
30-03-2026 14:00,PATEK,17.64,17.94,17.59,17.9,1915196.0,0.04,0.26,0.01,1900.0,0.26,1267082.9,51.15,0.15,True,47.65,-0.16,-0.14,-0.02,2026-03-30,17.82,0.45,0,,17.37,19.09,False,False
30-03-2026 14:00,SEKUR,5.83,6.12,5.83,6.07,912649.0,0.05,0.24,0.08,185.71,0.24,408638.3,123.34,0.21,True,72.14,0.07,0.01,0.06,2026-03-30,5.71,6.3,0,,5.24,6.3,False,False
30-03-2026 14:00,TRALT,40.58,41.9,40.44,41.54,20899302.0,0.36,0.96,0.05,1820.0,0.96,9421922.6,121.82,0.37,True,47.46,-0.71,-0.84,0.13,2026-03-30,40.78,1.86,0,,40.18,45.2,True,False
30-03-2026 14:00,ICUGS,2.72,3.0,2.72,3.0,26398191.0,0.0,0.28,0.02,1233.33,0.28,3862467.3,583.45,0.0,True,69.36,-0.01,-0.02,0.01,2026-03-30,2.73,9.89,0,,2.7,3.04,True,True
30-03-2026 14:00,HEKTS,2.81,2.84,2.8,2.84,17254995.0,0.0,0.03,0.01,328.57,0.03,7946217.9,117.15,0.0,True,51.72,-0.02,-0.03,0.01,2026-03-30,2.8,1.43,0,,2.76,3.01,True,False
30-03-2026 14:00,ATATR,10.68,11.94,10.64,11.94,30649755.0,0.0,1.26,0.11,1005.26,1.26,7803095.9,292.79,0.0,True,68.57,-0.08,-0.13,0.05,2026-03-30,10.86,9.94,0,,10.22,12.19,False,False
30-03-2026 14:00,ARSAN,3.64,3.74,3.64,3.72,4824209.0,0.02,0.08,0.0,1.801439850948199e+17,0.08,3201821.2,50.67,0.25,True,40.35,-0.08,-0.08,-0.0,2026-03-30,3.72,0.0,0,,3.58,3.94,True,True
30-03-2026 14:00,VRGYO,2.15,2.2,2.14,2.19,6342245.0,0.01,0.04,0.0,1900.0,0.04,1755633.9,261.25,0.25,True,55.44,-0.01,-0.02,0.0,2026-03-30,2.16,1.39,0,,2.12,2.25,True,True
30-03-2026 14:00,HATSN,36.92,37.72,36.9,37.66,479351.0,0.06,0.74,0.02,4525.0,0.74,204859.4,133.99,0.08,True,56.2,-0.0,0.04,-0.05,2026-03-30,37.44,0.59,0,,36.8,39.3,False,False
30-03-2026 14:00,IHYAY,1.67,1.69,1.67,1.69,770558.0,0.0,0.02,0.01,185.71,0.02,301793.5,155.33,0.0,True,51.14,-0.01,-0.01,0.0,2026-03-30,1.68,0.6,0,,1.65,1.78,True,False
30-03-2026 14:00,GUBRF,465.0,475.75,464.75,473.75,298883.0,2.0,8.75,0.75,1066.67,8.75,133284.4,124.24,0.23,True,57.06,-2.93,-3.87,0.94,2026-03-30,462.75,2.38,0,,455.0,479.5,True,False
30-03-2026 13:00,BIOEN,16.38,17.22,16.35,17.2,3209228.0,0.02,0.82,0.11,659.26,0.82,624824.4,413.62,0.02,True,70.83,-0.1,-0.19,0.09,2026-03-30,15.9,8.18,0,,15.83,17.7,True,False
30-03-2026 13:00,OBAMS,8.19,8.35,8.18,8.31,9759424.0,0.04,0.12,0.01,990.91,0.12,5704267.4,71.09,0.33,True,50.32,-0.06,-0.06,-0.01,2026-03-30,8.16,1.84,0,,8.06,8.88,False,False
30-03-2026 13:00,SEGYO,4.43,4.57,4.43,4.55,3326473.0,0.02,0.12,0.01,1233.33,0.12,1303359.9,155.22,0.17,True,55.67,-0.04,-0.05,0.01,2026-03-30,4.41,3.17,0,,4.34,4.62,True,True
30-03-2026 13:00,YIGIT,22.4,23.06,22.36,23.02,916127.0,0.04,0.62,0.06,1007.14,0.62,289171.8,216.81,0.06,True,62.44,-0.03,-0.04,0.01,2026-03-30,22.32,3.14,0,,22.0,23.28,False,False
30-03-2026 13:00,INDES,8.36,8.61,8.31,8.6,2156818.0,0.01,0.24,0.01,2300.0,0.24,1267766.2,70.13,0.04,True,49.8,-0.1,-0.1,0.0,2026-03-30,8.4,2.38,0,,8.31,9.25,True,True
30-03-2026 13:00,LRSHO,3.44,3.54,3.44,3.52,4492567.0,0.02,0.08,0.0,7900.0,0.08,2386768.1,88.23,0.25,True,56.8,-0.01,-0.01,0.0,2026-03-30,3.47,1.44,0,,3.39,3.53,False,False
30-03-2026 13:00,EUPWR,39.58,41.36,39.58,40.96,6344543.0,0.4,1.38,0.3,353.95,1.38,1963144.0,223.18,0.29,True,80.07,0.69,0.45,0.24,2026-03-30,37.6,8.94,0,,37.14,ATH,False,False
30-03-2026 12:00,ENTRA,10.58,11.0,10.55,10.92,8189091.0,0.08,0.34,0.06,457.38,0.34,2068407.0,295.91,0.24,True,79.98,0.05,0.01,0.05,2026-03-30,10.28,6.23,0,,10.25,ATH,False,False
30-03-2026 12:00,MNDTR,5.34,5.39,5.33,5.39,180752.0,0.0,0.05,0.0,4900.0,0.05,108762.7,66.19,0.0,True,36.41,-0.05,-0.04,-0.01,2026-03-30,5.41,-0.37,0,,5.38,5.64,False,False
30-03-2026 12:00,CONSE,3.18,3.25,3.18,3.25,2270992.0,0.0,0.07,0.01,1300.0,0.07,1294752.7,75.4,0.0,True,54.08,-0.04,-0.05,0.01,2026-03-30,3.13,3.83,0,,3.09,3.42,True,False
30-03-2026 12:00,HUNER,2.95,3.08,2.95,3.06,8245219.0,0.02,0.11,0.01,1471.43,0.11,1863532.1,342.45,0.18,True,64.41,-0.01,-0.02,0.01,2026-03-30,2.94,4.08,1,3.08,2.93,3.08,True,True
30-03-2026 12:00,GESAN,44.58,45.34,44.54,45.2,664202.0,0.14,0.62,0.1,520.0,0.62,348227.8,90.74,0.23,True,62.05,-0.03,-0.13,0.1,2026-03-30,44.04,2.63,0,,43.72,46.38,False,False
30-03-2026 12:00,ESEN,3.73,3.79,3.71,3.79,6200501.0,0.0,0.06,0.0,1400.0,0.06,3040347.2,103.94,0.0,True,43.56,-0.05,-0.05,0.0,2026-03-30,3.74,1.34,0,,3.69,4.09,True,False
30-03-2026 12:00,KMPUR,15.12,15.4,15.09,15.4,277368.0,0.0,0.28,0.0,6900.0,0.28,142535.8,94.6,0.0,True,43.43,-0.25,-0.26,0.01,2026-03-30,15.15,1.65,0,,14.93,16.54,True,True
30-03-2026 12:00,GOZDE,19.67,19.84,19.62,19.8,198389.0,0.04,0.13,0.02,584.21,0.13,112330.9,76.61,0.31,True,41.95,-0.21,-0.23,0.02,2026-03-30,19.7,0.51,0,,19.55,21.18,True,True
30-03-2026 12:00,BERA,16.46,16.74,16.39,16.73,1550194.0,0.01,0.27,0.01,1828.57,0.27,812648.0,90.76,0.04,True,50.85,-0.14,-0.16,0.02,2026-03-30,16.49,1.46,0,,16.27,17.65,True,True
30-03-2026 11:00,ANHYT,107.7,109.5,107.7,109.5,148758.0,0.0,1.8,0.26,592.31,1.8,76048.3,95.61,0.0,True,45.4,-2.17,-2.68,0.51,2026-03-30,107.1,2.24,0,,106.1,124.9,True,True
30-03-2026 11:00,BRLSM,13.97,15.2,13.97,15.0,4472589.0,0.2,1.03,0.04,2541.03,1.03,695889.4,542.72,0.19,True,58.02,-0.16,-0.2,0.03,2026-03-30,14.35,4.53,0,,13.91,15.5,True,True
30-03-2026 11:00,SKBNK,9.98,10.27,9.96,10.21,6331497.0,0.06,0.23,0.01,1669.23,0.23,2893863.4,118.79,0.26,True,51.18,-0.05,-0.06,0.01,2026-03-30,10.13,0.79,0,,9.89,10.36,True,True
30-03-2026 11:00,NATEN,6.97,7.07,6.97,7.05,573814.0,0.02,0.08,0.01,1233.33,0.08,319733.9,79.47,0.25,True,54.41,-0.02,-0.03,0.0,2026-03-30,6.96,1.29,0,,6.92,7.08,True,True
30-03-2026 11:00,SNICA,3.85,4.0,3.84,3.96,4778955.0,0.04,0.11,0.01,816.67,0.11,2042204.9,134.01,0.36,True,59.55,0.03,0.02,0.01,2026-03-30,3.97,-0.25,0,,3.78,4.1,False,False
30-03-2026 11:00,DAPGM,13.75,14.62,13.68,14.5,13729526.0,0.12,0.75,0.03,2486.21,0.75,3232313.2,324.76,0.16,True,55.82,-0.2,-0.2,-0.0,2026-03-30,13.52,7.25,0,,13.14,14.79,True,True
30-03-2026 11:00,AGHOL,27.0,27.28,26.94,27.24,515274.0,0.04,0.24,0.01,2300.0,0.24,332878.5,54.79,0.17,True,45.61,-0.18,-0.21,0.03,2026-03-30,27.2,0.15,0,,26.86,27.58,True,False
30-03-2026 11:00,AKENR,9.16,9.76,9.14,9.64,3423439.0,0.12,0.48,0.03,1746.15,0.48,659296.5,419.26,0.25,True,60.65,-0.09,-0.1,0.01,2026-03-30,9.18,5.01,0,,9.11,9.7,True,True
30-03-2026 11:00,GENIL,9.73,10.04,9.73,10.02,14012555.0,0.02,0.29,0.03,900.0,0.29,5761239.5,143.22,0.07,True,72.19,0.08,0.04,0.04,2026-03-30,9.66,3.73,0,,9.4,ATH,False,False
30-03-2026 10:00,GOKNR,21.4,22.4,21.4,22.18,3995664.0,0.22,0.78,0.1,695.92,0.78,755133.4,429.13,0.28,True,77.62,0.14,0.08,0.05,2026-03-30,21.4,3.64,0,,21.0,ATH,False,False
30-03-2026 10:00,DURDO,3.6,3.66,3.57,3.65,860086.0,0.01,0.05,0.0,900.0,0.05,372263.4,131.04,0.2,True,53.05,-0.02,-0.02,0.01,2026-03-30,3.59,1.67,2,3.57,3.57,3.86,True,True
30-03-2026 10:00,EGGUB,115.1,118.5,114.1,118.2,619604.0,0.3,3.1,0.19,1531.58,3.1,175687.0,252.67,0.1,True,45.59,-2.53,-2.79,0.26,2026-03-30,115.0,2.78,0,,113.8,133.8,True,True
30-03-2026 10:00,MEGMT,73.2,76.35,72.15,76.25,3223103.0,0.1,3.05,0.25,1096.08,3.05,611293.7,427.26,0.03,True,67.47,0.26,0.19,0.07,2026-03-30,72.5,5.17,2,72.15,72.15,ATH,False,False
30-03-2026 10:00,ESCAR,41.78,42.8,38.58,42.54,16868617.0,0.26,0.76,0.08,900.0,0.76,1886830.0,794.02,0.34,True,83.0,1.88,2.05,-0.17,2026-03-30,42.42,0.28,2,38.58,38.58,ATH,False,False
30-03-2026 10:00,ADEL,32.98,35.24,32.98,35.22,2059947.0,0.02,2.24,0.25,788.89,2.24,290716.1,608.58,0.01,True,74.76,0.06,-0.19,0.24,2026-03-30,32.74,7.57,0,,32.0,ATH,False,False
30-03-2026 10:00,ELITE,27.84,29.0,27.5,28.7,944597.0,0.3,0.86,0.16,451.28,0.86,235838.1,300.53,0.35,True,70.14,0.07,-0.06,0.14,2026-03-30,27.74,3.46,1,29.0,27.02,29.0,False,False
30-03-2026 10:00,MANAS,22.4,23.78,21.82,23.42,7574599.0,0.36,1.02,0.05,1861.54,1.02,2204904.2,243.53,0.35,True,49.73,-0.57,-0.64,0.07,2026-03-30,21.72,7.83,1,23.78,21.72,23.78,True,True
30-03-2026 10:00,LIDFA,3.68,3.83,3.64,3.82,7439125.0,0.01,0.14,0.03,366.67,0.14,2283664.8,225.75,0.07,True,74.53,0.04,0.02,0.02,2026-03-30,3.66,4.37,0,,3.43,ATH,False,False
30-03-2026 10:00,INVEO,7.0,7.15,6.94,7.11,1773601.0,0.04,0.11,0.01,816.67,0.11,775066.0,128.83,0.36,True,52.39,-0.04,-0.06,0.01,2026-03-30,7.0,1.57,3,,6.92,7.15,True,True
30-03-2026 10:00,ISKPL,14.64,16.06,14.62,15.99,51991680.0,0.07,1.35,0.11,1161.68,1.35,12239322.8,324.79,0.05,True,75.19,0.16,0.09,0.07,2026-03-30,14.6,9.52,1,16.06,14.19,16.06,False,False
30-03-2026 10:00,A1YEN,32.96,34.0,32.5,33.74,2433526.0,0.26,0.78,0.09,786.36,0.78,595838.6,308.42,0.33,True,75.77,0.53,0.39,0.14,2026-03-30,32.38,4.2,0,,30.32,ATH,False,False
30-03-2026 10:00,AVGYO,11.51,11.88,11.35,11.81,632521.0,0.07,0.3,0.0,7400.0,0.3,307137.1,105.94,0.23,True,60.01,0.11,0.12,-0.01,2026-03-30,11.46,3.05,0,,10.57,12.45,False,False
30-03-2026 10:00,BAGFS,36.2,38.32,36.06,38.12,1501556.0,0.2,1.92,0.25,655.91,1.92,494966.5,203.37,0.1,True,62.98,-0.29,-0.57,0.29,2026-03-30,35.82,6.42,0,,34.58,40.26,True,False
30-03-2026 10:00,AKFIS,38.78,44.14,38.06,43.52,12340702.0,0.62,4.74,0.47,900.0,4.74,1342419.1,819.29,0.13,True,51.58,-1.33,-1.22,-0.11,2026-03-30,41.08,5.94,0,,38.04,45.64,True,True
30-03-2026 10:00,RALYH,214.7,226.9,208.9,223.5,2211973.0,3.4,8.8,1.54,471.43,8.8,552059.8,300.68,0.39,True,93.17,10.68,10.15,0.53,2026-03-30,213.0,4.93,0,,159.6,ATH,False,False
30-03-2026 10:00,ULUUN,7.35,7.69,7.34,7.63,2756392.0,0.06,0.28,0.03,976.92,0.28,558764.9,393.3,0.21,True,59.32,-0.07,-0.1,0.02,2026-03-30,7.35,3.81,3,,7.34,8.57,True,True
30-03-2026 10:00,ULUFA,4.38,4.67,4.35,4.65,9027732.0,0.02,0.27,0.0,8900.0,0.27,2418411.4,273.29,0.07,True,55.4,-0.01,0.02,-0.03,2026-03-30,4.37,6.41,3,,4.49,5.05,False,False
30-03-2026 10:00,NTGAZ,11.24,11.65,11.24,11.62,3206915.0,0.03,0.38,0.02,1627.27,0.38,1028109.8,211.92,0.08,True,47.2,-0.23,-0.27,0.04,2026-03-30,11.37,2.2,0,,11.18,13.6,True,False
30-03-2026 10:00,CANTE,1.63,1.66,1.63,1.66,221913996.0,0.0,0.03,0.0,2900.0,0.03,38656832.6,474.06,0.0,True,53.68,-0.01,-0.01,-0.0,2026-03-30,1.63,1.84,0,,1.62,1.74,True,True
30-03-2026 10:00,TERA,341.0,345.75,339.5,344.75,1380959.0,1.0,3.75,0.52,614.29,3.75,370781.3,272.45,0.27,True,73.64,2.97,3.02,-0.05,2026-03-30,341.0,1.1,0,,317.5,ATH,False,False
30-03-2026 10:00,SEGMN,49.78,52.5,49.3,51.85,792420.0,0.65,2.07,0.19,978.12,2.07,294385.7,169.18,0.31,True,48.23,-0.68,-0.77,0.09,2026-03-30,51.2,1.27,2,49.3,49.3,54.4,True,True
27-03-2026 17:00,KRDMD,28.52,29.4,28.52,29.38,14769315.0,0.02,0.86,0.04,1854.55,0.86,4302508.1,243.27,0.02,True,55.8,-0.19,-0.21,0.02,2026-03-27,28.92,1.59,0,,28.44,30.02,True,True
27-03-2026 17:00,FROTO,102.8,103.9,102.8,103.8,1132866.0,0.1,1.0,0.03,3233.33,1.0,574547.9,97.18,0.1,True,49.8,-0.58,-0.69,0.1,2026-03-27,102.7,1.07,1,103.9,102.0,103.9,True,True
27-03-2026 17:00,BARMA,46.12,46.8,45.56,46.8,168156.0,0.0,0.68,0.01,8400.0,0.68,101053.7,66.4,0.0,True,52.04,-0.06,-0.04,-0.02,2026-03-27,46.6,0.43,0,,46.02,47.42,False,False
27-03-2026 17:00,KCHOL,190.5,192.4,190.4,191.9,6109398.0,0.5,1.4,0.22,536.36,1.4,2828566.7,115.99,0.36,True,61.94,0.51,0.16,0.34,2026-03-27,189.3,1.37,0,,186.4,195.8,False,False
27-03-2026 17:00,KORDS,53.5,56.75,53.45,56.5,578010.0,0.25,3.0,0.12,2508.7,3.0,190914.4,202.76,0.08,True,53.31,-0.75,-0.78,0.03,2026-03-27,55.05,2.63,2,53.45,53.45,59.6,True,True
27-03-2026 17:00,AVOD,4.29,4.71,4.28,4.65,5050144.0,0.06,0.36,0.02,1614.29,0.36,1236621.8,308.38,0.17,True,64.5,-0.04,-0.05,0.01,2026-03-27,4.45,4.49,2,4.28,4.28,4.69,True,True
27-03-2026 17:00,RNPOL,1.84,1.98,1.82,1.96,2580354.0,0.02,0.12,0.01,1100.0,0.12,516833.9,399.26,0.17,True,72.66,0.01,0.01,0.01,2026-03-27,1.87,4.81,2,1.82,1.82,1.98,False,False
27-03-2026 17:00,TCELL,105.7,106.5,105.6,106.3,2573682.0,0.2,0.6,0.02,2900.0,0.6,1262543.0,103.85,0.33,True,49.32,-0.28,-0.28,0.01,2026-03-27,106.0,0.28,0,,104.9,106.8,False,False
27-03-2026 17:00,ISDMR,41.7,42.84,41.64,42.76,1348666.0,0.08,1.06,0.09,1104.55,1.06,252101.7,434.97,0.08,True,64.34,-0.12,-0.17,0.04,2026-03-27,41.86,2.15,1,42.84,41.58,42.84,True,True
27-03-2026 17:00,TTKOM,58.05,58.55,58.0,58.45,2270553.0,0.1,0.4,0.02,2566.67,0.4,1188698.3,91.01,0.25,True,52.12,-0.14,-0.18,0.05,2026-03-27,57.95,0.86,0,,57.55,58.75,False,False
27-03-2026 17:00,ULKER,109.9,111.4,109.9,111.3,1297703.0,0.1,1.4,0.05,2700.0,1.4,423006.2,206.78,0.07,True,59.06,-0.02,-0.08,0.06,2026-03-27,110.6,0.63,0,,109.6,112.1,False,False
27-03-2026 17:00,VESTL,27.7,28.46,27.7,28.34,866019.0,0.12,0.64,0.03,2361.54,0.64,232821.9,271.97,0.19,True,52.49,-0.23,-0.25,0.02,2026-03-27,28.0,1.21,0,,27.6,29.92,True,True
27-03-2026 17:00,IEYHO,91.6,92.25,91.5,92.1,2929967.0,0.15,0.5,0.08,488.24,0.5,791040.9,270.39,0.3,True,76.87,0.28,0.24,0.04,2026-03-27,91.15,1.04,0,,90.55,92.5,False,False
27-03-2026 17:00,EREGL,26.84,27.94,26.82,27.88,53372330.0,0.06,1.04,0.08,1138.1,1.04,10713843.0,398.16,0.06,True,60.91,-0.18,-0.24,0.06,2026-03-27,26.9,3.64,0,,26.78,28.12,True,True
27-03-2026 17:00,PCILT,28.12,30.1,28.08,29.98,1211367.0,0.12,1.86,0.08,2284.62,1.86,362385.0,234.28,0.06,True,62.0,-0.12,-0.16,0.04,2026-03-27,29.16,2.81,0,,28.06,30.68,True,True
27-03-2026 17:00,EGEPO,13.19,13.47,13.18,13.46,607453.0,0.01,0.27,0.01,2150.0,0.27,177932.8,241.39,0.04,True,48.06,-0.08,-0.08,-0.0,2026-03-27,13.39,0.52,0,,12.98,14.07,False,False
27-03-2026 17:00,HURGZ,5.91,6.55,5.9,6.48,6477425.0,0.07,0.57,0.05,1087.5,0.57,1818436.9,256.21,0.12,True,66.69,-0.01,-0.02,0.02,2026-03-27,5.96,8.72,1,6.55,5.88,6.55,False,False
27-03-2026 17:00,PLTUR,22.58,23.58,22.4,23.5,1473291.0,0.08,0.92,0.07,1252.94,0.92,294804.9,399.75,0.09,True,56.61,-0.18,-0.22,0.04,2026-03-27,22.82,2.98,2,22.4,22.4,24.38,True,True
27-03-2026 17:00,CWENE,28.18,29.38,28.16,29.1,7300496.0,0.28,0.92,0.05,1603.7,0.92,2207948.7,230.65,0.3,True,56.73,-0.15,-0.16,0.01,2026-03-27,28.52,2.03,2,28.16,28.16,29.96,True,True
27-03-2026 16:00,SKYMD,11.95,12.65,11.91,12.59,5509015.0,0.06,0.64,0.06,966.67,0.64,952898.3,478.13,0.09,True,77.29,0.03,-0.02,0.06,2026-03-27,11.8,6.69,0,,11.68,ATH,False,False
27-03-2026 15:00,BINHO,9.25,9.68,9.21,9.63,64905807.0,0.05,0.38,0.09,336.78,0.38,15104425.1,329.71,0.13,True,79.27,0.19,0.14,0.05,2026-03-27,8.8,9.43,1,9.68,8.62,9.68,False,False
27-03-2026 15:00,PINSU,11.13,11.39,11.11,11.34,869105.0,0.05,0.21,0.01,2900.0,0.21,474087.6,83.32,0.24,True,45.71,-0.12,-0.11,-0.01,2026-03-27,11.3,0.35,0,,11.08,12.74,False,False
27-03-2026 13:00,GSDHO,4.16,4.22,4.15,4.21,753942.0,0.01,0.05,0.01,733.33,0.05,426666.1,76.71,0.2,True,53.21,-0.02,-0.02,0.01,2026-03-27,4.13,1.94,0,,4.13,4.38,False,False
27-03-2026 13:00,TKFEN,91.4,97.15,91.3,96.4,3742282.0,0.75,5.0,0.63,693.65,5.0,1465164.6,155.42,0.15,True,67.55,1.46,1.37,0.09,2026-03-27,93.35,3.27,0,,88.75,ATH,False,False
27-03-2026 12:00,PETKM,19.39,19.95,19.38,19.94,25242385.0,0.01,0.55,0.09,491.4,0.55,12453158.7,102.7,0.02,True,61.22,-0.05,-0.15,0.09,2026-03-27,19.17,4.02,0,,18.8,22.32,False,False
27-03-2026 12:00,BIGCH,6.52,6.9,6.51,6.8,3203548.0,0.1,0.28,0.04,536.36,0.28,612826.9,422.75,0.36,True,70.21,-0.02,-0.06,0.04,2026-03-27,6.38,6.58,1,6.9,6.34,6.9,True,False
27-03-2026 12:00,GEDIK,5.23,5.34,5.23,5.33,1189922.0,0.01,0.1,0.01,900.0,0.1,379055.3,213.92,0.1,True,64.09,-0.01,-0.02,0.01,2026-03-27,5.18,2.9,0,,4.95,5.39,False,False
27-03-2026 12:00,ADESE,0.95,1.0,0.94,1.0,142495606.0,0.0,0.05,0.0,1150.0,0.05,27423868.0,419.6,0.0,True,63.05,-0.0,-0.01,0.0,2026-03-27,0.95,5.26,3,,0.94,1.01,True,True
27-03-2026 11:00,PENGD,9.34,9.74,9.28,9.69,6329242.0,0.05,0.35,0.04,872.22,0.35,2962524.6,113.64,0.14,True,65.87,0.07,0.05,0.02,2026-03-27,9.15,5.9,0,,9.1,9.75,False,False
27-03-2026 11:00,BJKAS,1.45,1.47,1.44,1.47,6004237.0,0.0,0.02,0.0,1900.0,0.02,3737647.5,60.64,0.0,True,51.28,-0.0,-0.01,0.0,2026-03-27,1.45,1.38,2,1.44,1.44,1.48,False,False
27-03-2026 11:00,GMTAS,25.92,26.34,25.9,26.3,637700.0,0.04,0.38,0.03,1257.14,0.38,242425.7,163.05,0.11,True,54.1,-0.1,-0.13,0.04,2026-03-27,25.98,1.23,0,,25.72,26.52,False,False
27-03-2026 11:00,EGEGY,28.92,30.0,28.76,29.72,6992720.0,0.28,0.8,0.13,506.06,0.8,897016.1,679.55,0.35,True,73.63,0.08,-0.05,0.12,2026-03-27,28.3,5.02,1,30.0,28.18,30.0,False,False
27-03-2026 10:00,KZGYO,23.7,24.82,23.48,24.82,7508815.0,0.0,1.12,0.04,2847.37,1.12,1060004.1,608.38,0.0,True,79.0,0.36,0.26,0.1,2026-03-27,22.58,9.92,1,24.82,22.2,ATH,False,False
27-03-2026 10:00,CEMAS,5.1,5.51,5.08,5.4,50653553.0,0.11,0.3,0.04,581.82,0.3,8431731.1,500.75,0.37,True,88.09,0.15,0.11,0.05,2026-03-27,5.01,7.78,1,5.51,4.55,5.51,False,False
27-03-2026 10:00,MOPAS,37.88,38.94,37.78,38.76,2453144.0,0.18,0.88,0.04,2344.44,0.88,512393.5,378.76,0.2,True,57.98,-0.13,-0.2,0.06,2026-03-27,37.82,2.49,2,37.78,37.78,39.1,True,True
27-03-2026 10:00,KONKA,14.55,15.2,14.55,15.17,1818664.0,0.03,0.62,0.08,646.99,0.62,428013.4,324.91,0.05,True,67.08,-0.04,-0.13,0.09,2026-03-27,14.59,3.98,0,,14.07,15.18,False,False
26-03-2026 17:00,FENER,2.66,2.76,2.64,2.76,18316725.0,0.0,0.1,0.01,1150.0,0.1,11008338.0,66.39,0.0,True,67.94,-0.01,-0.02,0.01,2026-03-26,2.66,3.76,1,2.76,2.62,2.83,True,False
26-03-2026 17:00,BIGEN,8.6,8.91,8.53,8.91,5120446.0,0.0,0.31,0.01,2483.33,0.31,1069136.5,378.93,0.0,True,58.6,-0.02,-0.02,0.0,2026-03-26,8.73,2.06,2,8.53,8.53,9.22,False,False
26-03-2026 17:00,ARMGD,77.8,82.95,76.85,82.5,621680.0,0.45,4.7,0.11,3986.96,4.7,116817.9,432.18,0.1,True,60.52,-0.32,-0.16,-0.16,2026-03-26,81.5,1.23,2,76.85,76.85,82.6,False,False
26-03-2026 16:00,CELHA,9.3,9.66,9.26,9.59,1019717.0,0.07,0.29,0.02,1218.18,0.29,377846.5,169.88,0.24,True,55.87,-0.07,-0.08,0.01,2026-03-26,9.36,2.46,2,9.26,9.26,10.2,True,True
26-03-2026 16:00,ETILR,3.74,4.0,3.73,3.97,4045410.0,0.03,0.23,0.03,820.0,0.23,1030416.2,292.6,0.13,True,66.69,0.01,-0.01,0.02,2026-03-26,3.72,6.72,0,,3.7,4.03,False,False
26-03-2026 16:00,BMSCH,16.85,17.4,16.85,17.27,948939.0,0.13,0.42,0.03,1212.5,0.42,253812.2,273.87,0.31,True,58.19,-0.12,-0.17,0.05,2026-03-26,16.87,2.37,0,,16.58,18.0,True,False
26-03-2026 16:00,DOFER,35.76,36.34,35.62,36.24,219934.0,0.1,0.48,0.03,1614.29,0.48,127363.7,72.68,0.21,True,52.22,-0.06,-0.04,-0.02,2026-03-26,36.2,0.11,0,,35.46,37.76,False,False
26-03-2026 15:00,ENSRI,28.2,29.12,28.2,29.0,4881689.0,0.12,0.8,0.13,534.92,0.8,778063.0,527.42,0.15,True,56.85,-0.23,-0.46,0.22,2026-03-26,28.24,2.69,0,,27.44,29.2,False,False
26-03-2026 14:00,BUCIM,6.08,6.12,6.07,6.11,841692.0,0.01,0.03,0.0,900.0,0.03,346352.2,143.02,0.33,True,53.4,-0.01,-0.01,0.0,2026-03-26,6.08,0.49,0,,6.03,6.14,False,False
26-03-2026 14:00,GEREL,28.64,30.0,28.52,29.9,409850.0,0.1,1.26,0.14,826.47,1.26,207519.8,97.5,0.08,True,64.3,-0.08,-0.19,0.12,2026-03-26,28.5,4.91,1,30.0,28.2,30.0,False,False
26-03-2026 13:00,DYOBY,13.02,13.18,13.0,13.15,229933.0,0.03,0.13,0.01,1344.44,0.13,103280.8,122.63,0.23,True,56.26,-0.03,-0.05,0.02,2026-03-26,12.96,1.47,1,13.18,12.84,13.18,False,False
26-03-2026 13:00,ERCB,48.78,50.65,48.64,50.15,570357.0,0.5,1.37,0.0,136900.0,1.37,169340.1,236.81,0.36,True,53.62,-0.37,-0.41,0.04,2026-03-26,48.86,2.64,1,50.65,49.7,50.65,True,True
26-03-2026 13:00,KRDMB,51.0,55.3,50.95,54.35,1862777.0,0.95,3.35,0.33,900.0,3.35,401976.8,363.4,0.28,True,68.75,0.13,0.04,0.09,2026-03-26,51.0,6.57,0,,50.5,55.0,False,False
26-03-2026 12:00,HUBVC,4.05,4.28,4.04,4.27,814648.0,0.01,0.22,0.0,5400.0,0.22,464215.9,75.49,0.05,True,42.57,-0.16,-0.17,0.01,2026-03-26,4.19,1.91,0,,3.91,5.4,True,True
26-03-2026 12:00,YYLGD,11.0,11.39,11.0,11.37,5005382.0,0.02,0.37,0.03,1133.33,0.37,1014774.5,393.25,0.05,True,67.71,-0.02,-0.04,0.02,2026-03-26,10.96,3.74,0,,10.89,11.41,False,False
26-03-2026 10:00,PAHOL,1.52,1.63,1.51,1.6,251552764.0,0.03,0.08,0.01,627.27,0.08,66829552.9,276.41,0.37,True,70.48,0.01,0.01,0.0,2026-03-26,1.52,5.26,0,,1.49,ATH,False,False
26-03-2026 10:00,SASA,2.38,2.43,2.37,2.42,548269020.0,0.01,0.04,0.0,1233.33,0.04,147354851.3,272.07,0.25,True,55.25,-0.01,-0.02,0.0,2026-03-26,2.36,2.54,0,,2.34,2.5,True,True
26-03-2026 10:00,MGROS,604.0,616.0,603.5,613.0,696503.0,3.0,9.0,1.8,400.0,9.0,338798.7,105.58,0.33,True,68.33,5.54,4.15,1.39,2026-03-26,604.5,1.41,0,,580.0,621.0,False,False
26-03-2026 10:00,KLMSN,29.62,29.88,29.54,29.86,165909.0,0.02,0.24,0.02,1400.0,0.24,98665.0,68.15,0.08,True,55.65,0.09,0.1,-0.01,2026-03-26,29.68,0.61,0,,28.46,30.1,False,False
26-03-2026 10:00,LILAK,34.78,38.2,34.22,38.16,7800403.0,0.04,3.38,0.34,882.56,3.38,1420230.5,449.24,0.01,True,84.35,0.81,0.56,0.25,2026-03-26,34.86,9.47,0,,32.98,ATH,False,False
26-03-2026 10:00,SAHOL,90.95,91.7,90.6,91.55,4995639.0,0.15,0.6,0.04,1400.0,0.6,2904390.9,72.0,0.25,True,49.23,-0.14,-0.17,0.03,2026-03-26,91.15,0.44,0,,89.6,92.75,False,False
26-03-2026 10:00,KOCMT,2.44,2.45,2.43,2.45,1821497.0,0.0,0.01,0.0,2.25179981368529e+16,0.01,870867.7,109.16,0.0,True,48.11,-0.0,-0.0,0.0,2026-03-26,2.44,0.41,0,,2.43,2.48,False,False
26-03-2026 10:00,PRKAB,40.54,42.34,40.1,41.92,899851.0,0.42,1.38,0.06,2125.81,1.38,234317.5,284.03,0.3,True,63.97,0.09,0.02,0.07,2026-03-26,40.58,3.3,3,,39.76,42.56,False,False
26-03-2026 10:00,PRDGS,6.61,6.86,6.61,6.79,2275514.0,0.07,0.18,0.03,500.0,0.18,1078734.4,110.94,0.39,True,62.97,0.03,0.01,0.02,2026-03-26,6.63,2.41,0,,6.45,6.93,False,False
26-03-2026 10:00,MARMR,2.33,2.4,2.32,2.39,28188113.0,0.01,0.06,0.0,1.351079888211149e+17,0.06,11179299.4,152.15,0.17,True,54.08,-0.01,-0.01,-0.0,2026-03-26,2.34,2.14,2,2.32,2.32,2.44,True,True
26-03-2026 10:00,KOTON,14.8,15.0,14.59,15.0,1072282.0,0.0,0.2,0.01,2400.0,0.2,372915.7,187.54,0.0,True,54.46,-0.01,-0.01,-0.0,2026-03-26,14.81,1.28,2,14.59,14.59,15.13,False,False
26-03-2026 10:00,ZOREN,2.78,2.84,2.78,2.83,7079569.0,0.01,0.05,0.01,900.0,0.05,3306839.6,114.09,0.2,True,39.46,-0.02,-0.01,-0.01,2026-03-26,2.84,-0.35,2,2.78,2.78,2.93,False,False
26-03-2026 10:00,CVKMD,33.06,34.18,32.6,34.0,12605853.0,0.18,0.94,0.11,770.37,0.94,4103740.8,207.18,0.19,True,76.37,0.73,0.64,0.09,2026-03-26,32.86,3.47,0,,30.58,ATH,False,False
26-03-2026 10:00,AKSA,10.81,11.44,10.76,11.4,22052311.0,0.04,0.59,0.04,1375.0,0.59,3283645.0,571.58,0.07,True,71.36,-0.0,-0.02,0.02,2026-03-26,10.81,5.46,3,,10.62,ATH,False,False
26-03-2026 10:00,EGPRO,29.94,31.5,29.62,31.08,1201495.0,0.42,1.14,0.05,2011.11,1.14,303081.0,296.43,0.37,True,61.8,0.19,0.23,-0.04,2026-03-26,29.94,3.81,2,29.62,29.62,31.56,False,False
26-03-2026 10:00,HEDEF,123.6,130.5,121.8,129.4,2242273.0,1.1,5.8,0.46,1160.87,5.8,551161.0,306.83,0.19,True,75.62,3.76,3.22,0.55,2026-03-26,123.0,5.2,0,,97.4,ATH,False,False
26-03-2026 10:00,ALVES,3.01,3.15,2.99,3.12,36478686.0,0.03,0.11,0.01,1000.0,0.11,9720805.5,275.26,0.27,True,68.28,0.02,0.01,0.0,2026-03-26,3.01,3.65,3,,2.95,ATH,False,False
26-03-2026 10:00,DCTTR,9.25,10.03,9.11,9.9,12824979.0,0.13,0.65,0.08,766.67,0.65,1985247.0,546.01,0.2,True,82.03,0.23,0.18,0.04,2026-03-26,9.15,8.2,0,,8.0,ATH,False,False
26-03-2026 10:00,DOFRB,103.3,111.8,103.0,110.9,7236982.0,0.9,7.6,1.07,610.28,7.6,1894209.9,282.06,0.12,True,75.47,1.8,1.3,0.5,2026-03-26,104.0,6.63,0,,98.8,ATH,False,False
26-03-2026 10:00,GUNDG,758.0,817.0,754.0,816.0,205117.0,1.0,58.0,9.3,523.66,58.0,35581.6,476.47,0.02,True,77.16,16.9,11.2,5.7,2026-03-26,760.0,7.37,0,,583.0,ATH,False,False
26-03-2026 10:00,ARENA,26.26,27.3,25.62,27.16,2170588.0,0.14,0.9,0.26,240.91,0.9,527963.1,311.12,0.16,True,82.33,0.49,0.26,0.23,2026-03-26,26.3,3.27,0,,24.18,ATH,False,False
26-03-2026 10:00,BALSU,14.08,14.24,14.06,14.23,752463.0,0.01,0.15,0.0,7400.0,0.15,424137.1,77.41,0.07,True,53.84,-0.02,-0.01,-0.01,2026-03-26,14.09,0.99,2,14.06,14.06,14.35,False,False
26-03-2026 10:00,GOODY,14.84,15.19,14.84,15.19,1293174.0,0.0,0.35,0.03,1106.9,0.35,184272.3,601.77,0.0,True,86.63,0.13,0.01,0.13,2026-03-26,13.81,9.99,1,15.19,13.79,ATH,False,False
26-03-2026 10:00,DESA,13.09,13.44,13.05,13.42,504780.0,0.02,0.33,0.08,340.0,0.33,313572.5,60.98,0.06,True,69.41,0.19,0.17,0.02,2026-03-26,13.11,2.36,0,,12.32,13.58,False,False
25-03-2026 17:00,RYSAS,19.36,20.02,19.32,20.0,15692752.0,0.02,0.64,0.15,332.43,0.64,2490862.5,530.01,0.03,True,82.36,0.53,0.43,0.1,2026-03-25,18.45,8.4,0,,16.47,ATH,False,False
25-03-2026 17:00,EMKEL,24.14,26.5,23.98,26.5,19166216.0,0.0,2.36,0.31,661.29,2.36,4589305.4,317.63,0.0,True,74.94,0.48,0.5,-0.02,2026-03-25,24.1,9.96,0,,22.36,ATH,False,False
25-03-2026 17:00,DITAS,43.92,45.92,43.7,45.74,664249.0,0.18,1.82,0.2,828.57,1.82,167932.6,295.54,0.1,True,67.86,0.14,-0.04,0.17,2026-03-25,43.3,5.64,0,,43.06,45.78,False,False
25-03-2026 17:00,FZLGY,17.44,18.85,17.36,18.51,33808586.0,0.34,1.07,0.05,2129.17,1.07,7018059.9,381.74,0.32,True,62.86,0.05,0.12,-0.07,2026-03-25,17.8,3.99,0,,17.21,19.86,False,False
25-03-2026 16:00,AEFES,17.29,17.6,17.27,17.55,7717128.0,0.05,0.26,0.01,2500.0,0.26,3568813.3,116.24,0.19,True,56.56,0.06,0.04,0.02,2026-03-25,17.32,1.33,0,,17.06,17.69,False,False
25-03-2026 16:00,ATLAS,8.34,8.72,8.26,8.69,540458.0,0.03,0.35,0.03,900.0,0.35,169559.2,218.74,0.09,True,54.37,-0.06,-0.06,0.01,2026-03-25,8.6,1.05,1,8.72,8.11,8.72,False,False
25-03-2026 16:00,QUAGR,3.02,3.06,3.01,3.06,21473398.0,0.0,0.04,0.0,700.0,0.04,11133618.9,92.87,0.0,True,56.18,-0.01,-0.02,0.01,2026-03-25,2.97,3.03,0,,2.97,3.12,False,False
25-03-2026 16:00,TSPOR,0.93,0.94,0.92,0.94,20414992.0,0.0,0.01,0.0,900.0,0.01,12860087.5,58.75,0.0,True,49.75,-0.0,-0.0,0.0,2026-03-25,0.94,0.0,2,0.92,0.92,0.95,False,False
25-03-2026 15:00,FORTE,105.0,113.0,104.3,111.9,1390564.0,1.1,6.9,0.13,5207.69,6.9,585896.0,137.34,0.16,True,65.27,0.88,1.09,-0.22,2026-03-25,109.0,2.66,0,,104.1,114.4,False,False
25-03-2026 15:00,GLYHO,14.57,15.05,14.41,14.97,2207513.0,0.08,0.4,0.04,809.09,0.4,595814.8,270.5,0.2,True,68.07,0.09,0.01,0.07,2026-03-25,14.2,5.42,0,,13.55,15.05,False,False
25-03-2026 14:00,SKTAS,3.05,3.07,3.04,3.07,1056814.0,0.0,0.02,0.0,1900.0,0.02,616471.0,71.43,0.0,True,39.26,-0.02,-0.03,0.0,2026-03-25,3.06,0.33,0,,3.01,3.33,True,True
25-03-2026 14:00,DARDL,2.0,2.02,1.99,2.02,3520871.0,0.0,0.02,0.0,566.67,0.02,1654348.4,112.83,0.0,True,55.04,-0.0,-0.0,0.0,2026-03-25,1.99,1.51,0,,1.98,2.03,False,False
25-03-2026 13:00,PNSUT,10.98,11.09,10.97,11.09,356614.0,0.0,0.11,0.01,900.0,0.11,186067.0,91.66,0.0,True,63.13,0.01,0.01,0.0,2026-03-25,10.95,1.28,0,,10.86,11.16,False,False
25-03-2026 13:00,FADE,13.72,13.91,13.7,13.89,185053.0,0.02,0.17,0.02,844.44,0.17,115342.7,60.44,0.12,True,60.92,0.0,-0.01,0.02,2026-03-25,13.7,1.39,0,,13.62,13.95,False,False
25-03-2026 13:00,GLRMK,175.6,184.0,175.5,182.8,1702719.0,1.2,7.2,0.87,727.59,7.2,503063.5,238.47,0.17,True,77.12,1.97,1.1,0.87,2026-03-25,172.2,6.16,1,184.0,163.1,184.0,False,False
25-03-2026 12:00,MAKIM,15.54,16.86,15.54,16.86,1271796.0,0.0,1.32,0.19,583.94,1.32,742988.1,71.17,0.0,True,80.17,0.13,-0.02,0.16,2026-03-25,15.33,9.98,0,,14.67,ATH,False,False
25-03-2026 12:00,FRMPL,33.18,34.26,33.02,33.98,2187188.0,0.28,0.8,0.06,1279.31,0.8,758283.2,188.44,0.35,True,67.41,0.37,0.35,0.02,2026-03-25,32.88,3.35,1,34.26,30.8,34.26,False,False
25-03-2026 12:00,KBORU,17.52,18.29,17.5,18.24,3720881.0,0.05,0.72,0.02,2900.0,0.72,859754.9,332.78,0.07,True,66.34,-0.0,-0.05,0.04,2026-03-25,17.35,5.13,0,,17.3,ATH,False,False
25-03-2026 12:00,KTLEV,64.75,66.4,64.5,66.15,16822838.0,0.25,1.4,0.18,677.78,1.4,10435427.2,61.21,0.18,True,67.71,0.77,0.57,0.21,2026-03-25,63.6,4.01,0,,58.5,ATH,False,False
25-03-2026 11:00,ASTOR,199.4,207.6,198.6,206.3,15415979.0,1.3,6.9,0.78,784.62,6.9,4261301.7,261.77,0.19,True,75.95,2.28,0.99,1.29,2026-03-25,191.8,7.56,0,,188.3,ATH,False,False
25-03-2026 11:00,RTALB,3.71,3.77,3.71,3.77,5185958.0,0.0,0.06,0.0,2900.0,0.06,2993768.5,73.23,0.0,True,56.61,-0.01,-0.01,0.01,2026-03-25,3.68,2.45,0,,3.68,3.9,False,False
25-03-2026 11:00,ENDAE,14.05,14.54,13.97,14.5,2028992.0,0.04,0.45,0.03,1451.72,0.45,501224.2,304.81,0.09,True,63.88,-0.05,-0.06,0.02,2026-03-25,13.98,3.72,0,,13.96,14.8,True,True
25-03-2026 11:00,DOAS,195.0,196.4,194.6,196.4,384329.0,0.0,1.4,0.05,2700.0,1.4,186804.1,105.74,0.0,True,53.13,-0.55,-0.68,0.13,2026-03-25,193.5,1.5,0,,193.5,196.8,True,True
25-03-2026 11:00,EMPAE,49.34,52.9,49.32,51.9,12280312.0,1.0,2.56,0.26,892.25,2.56,3409588.7,260.17,0.39,True,76.33,1.47,1.38,0.09,2026-03-25,49.28,5.32,1,52.9,47.04,52.9,False,False
25-03-2026 11:00,TDGYO,17.2,18.75,17.1,18.5,785595.0,0.25,1.3,0.16,687.88,1.3,136545.7,475.33,0.19,True,65.02,-0.04,-0.11,0.08,2026-03-25,17.5,5.71,2,17.1,17.1,ATH,False,False
25-03-2026 11:00,PRZMA,15.65,16.58,15.65,16.56,308383.0,0.02,0.91,0.09,934.09,0.91,145948.1,111.3,0.02,True,57.23,-0.04,0.01,-0.05,2026-03-25,16.05,3.18,0,,15.12,17.46,False,False
25-03-2026 11:00,KONTR,9.15,9.39,9.12,9.33,13477986.0,0.06,0.18,0.0,17900.0,0.18,3267084.1,312.54,0.33,True,64.28,0.05,0.05,-0.01,2026-03-25,9.08,2.75,1,9.39,9.06,9.39,False,False
25-03-2026 11:00,BOSSA,6.62,6.77,6.59,6.75,1035005.0,0.02,0.13,0.01,1757.14,0.13,394061.5,162.65,0.15,True,64.02,0.08,0.08,-0.0,2026-03-25,6.55,3.05,0,,6.1,6.87,False,False
25-03-2026 11:00,YKSLN,3.22,3.27,3.21,3.26,1247629.0,0.01,0.04,0.0,1900.0,0.04,358727.9,247.79,0.25,True,55.27,-0.0,-0.01,0.0,2026-03-25,3.21,1.56,1,3.27,3.2,3.27,False,False
25-03-2026 10:00,MACKO,31.9,32.88,31.9,32.76,286287.0,0.12,0.86,0.08,1002.56,0.86,92967.1,207.94,0.14,True,57.93,0.05,0.03,0.02,2026-03-25,31.72,3.28,1,32.88,31.7,32.88,False,False
25-03-2026 10:00,MCARD,149.2,162.8,149.0,162.8,3460108.0,0.0,13.6,2.36,476.27,13.6,1936034.8,78.72,0.0,True,72.2,5.86,5.35,0.5,2026-03-25,148.0,10.0,1,162.8,111.0,ATH,False,False
25-03-2026 10:00,GLRYH,4.21,4.29,4.21,4.28,2016839.0,0.01,0.07,0.0,1300.0,0.07,814947.2,147.48,0.14,True,53.25,-0.03,-0.04,0.01,2026-03-25,4.19,2.15,0,,4.18,4.51,False,False
25-03-2026 10:00,BAYRK,4.82,5.15,4.82,5.08,13695627.0,0.07,0.26,0.04,519.05,0.26,5077626.4,169.72,0.27,True,76.74,0.09,0.06,0.03,2026-03-25,4.8,5.83,1,5.15,4.41,5.15,False,False
25-03-2026 10:00,SMART,32.2,33.7,32.2,33.5,1744277.0,0.2,1.3,0.03,3723.53,1.3,387384.4,350.27,0.15,True,53.39,-0.41,-0.41,0.0,2026-03-25,31.98,4.75,1,33.7,31.76,33.7,True,True
25-03-2026 10:00,PNLSN,48.66,50.8,48.66,50.45,608458.0,0.35,1.79,0.14,1225.93,1.79,131437.7,362.93,0.2,True,58.87,-0.24,-0.33,0.09,2026-03-25,48.6,3.81,1,50.8,48.6,50.8,False,False
25-03-2026 10:00,MAGEN,50.95,52.15,50.95,52.1,1184639.0,0.05,1.15,0.33,246.39,1.15,783028.5,51.29,0.04,True,78.31,0.64,0.4,0.25,2026-03-25,50.95,2.26,0,,47.54,ATH,False,False
25-03-2026 10:00,SEYKM,4.45,4.55,4.4,4.55,312009.0,0.0,0.1,0.02,488.24,0.1,179939.8,73.4,0.0,True,59.17,0.0,-0.01,0.01,2026-03-25,4.45,2.25,2,4.4,4.4,4.75,False,False
25-03-2026 10:00,ORGE,66.6,67.35,66.45,67.3,189903.0,0.05,0.7,0.02,4566.67,0.7,65803.3,188.59,0.07,True,56.39,-0.15,-0.17,0.02,2026-03-25,66.25,1.58,0,,67.05,67.7,False,False
25-03-2026 10:00,AFYON,17.38,17.7,17.31,17.68,2073758.0,0.02,0.3,0.03,1011.11,0.3,668766.8,210.09,0.07,True,63.67,0.18,0.2,-0.02,2026-03-25,17.34,1.96,0,,17.29,17.83,False,False
25-03-2026 10:00,KLSYN,10.44,11.07,10.43,11.01,2034948.0,0.06,0.57,0.08,640.26,0.57,706561.6,188.01,0.11,True,71.52,0.15,0.13,0.02,2026-03-25,10.4,5.87,0,,10.03,ATH,False,False
25-03-2026 10:00,BIMAS,685.5,697.0,685.5,696.5,1490497.0,0.5,11.0,0.7,1471.43,11.0,482406.1,208.97,0.05,True,62.55,1.9,0.73,1.16,2026-03-25,679.5,2.5,0,,673.0,ATH,False,False
25-03-2026 10:00,UCAYM,28.8,29.68,28.72,29.62,5836532.0,0.06,0.82,0.08,876.19,0.82,3095826.9,88.53,0.07,True,67.51,0.49,0.56,-0.07,2026-03-25,28.7,3.21,0,,25.54,30.1,False,False
25-03-2026 10:00,DMRGD,4.3,4.47,4.29,4.46,12746067.0,0.01,0.16,0.02,788.89,0.16,3822815.9,233.42,0.06,True,60.88,0.02,0.01,0.01,2026-03-25,4.3,3.72,0,,4.17,4.68,False,False
25-03-2026 10:00,YESIL,1.56,1.59,1.53,1.59,20844114.0,0.0,0.03,0.01,500.0,0.03,4345141.1,379.71,0.0,True,68.03,0.0,-0.03,0.03,2026-03-25,1.45,9.66,1,1.59,ATL,1.86,False,False
25-03-2026 10:00,EFOR,8.44,9.66,8.44,9.42,87721512.0,0.24,0.98,0.09,988.89,0.98,15711265.2,458.34,0.24,True,36.83,-0.7,-0.8,0.09,2026-03-25,9.15,2.95,0,,8.4,10.16,True,True
24-03-2026 17:00,RUZYE,12.11,12.88,12.11,12.75,4924401.0,0.13,0.64,0.05,1130.77,0.64,1516284.0,224.77,0.2,True,66.71,0.03,-0.02,0.05,2026-03-24,12.28,3.83,1,12.88,11.94,12.88,False,False
24-03-2026 17:00,CEMZY,64.35,70.45,64.1,70.0,2737493.0,0.45,5.65,0.59,865.81,5.65,547311.1,400.17,0.08,True,84.84,1.17,0.82,0.35,2026-03-24,64.05,9.29,0,,59.0,ATH,False,False
24-03-2026 17:00,BMSTL,84.15,85.0,83.75,85.0,573670.0,0.0,0.85,0.07,1114.29,0.85,184860.6,210.33,0.0,True,49.09,-0.35,-0.51,0.16,2026-03-24,84.35,0.77,0,,81.55,85.65,False,False
24-03-2026 17:00,ENJSA,112.8,114.8,112.8,114.4,855147.0,0.4,1.6,0.07,2185.71,1.6,402184.1,112.63,0.25,True,43.43,-1.64,-1.57,-0.08,2026-03-24,113.5,0.79,0,,111.7,125.0,False,False
24-03-2026 17:00,LXGYO,25.0,26.62,24.9,26.62,7966633.0,0.0,1.62,0.14,1073.91,1.62,3808471.4,109.18,0.0,True,75.45,0.55,0.65,-0.1,2026-03-24,25.18,5.72,1,26.62,24.82,26.94,False,False
24-03-2026 16:00,ASELS,351.0,356.5,350.5,355.0,4403833.0,1.5,4.0,0.08,5233.33,4.0,2934810.8,50.06,0.38,True,60.11,2.79,3.16,-0.37,2026-03-24,353.25,0.5,0,,338.0,359.0,False,False
24-03-2026 16:00,ISSEN,7.67,7.92,7.64,7.91,2084781.0,0.01,0.24,0.07,263.64,0.24,547809.3,280.57,0.04,True,83.52,0.11,0.04,0.06,2026-03-24,7.29,8.5,0,,7.03,ATH,False,False
24-03-2026 16:00,ALKIM,17.27,17.49,17.2,17.44,385597.0,0.05,0.17,0.0,5566.67,0.17,216953.8,77.73,0.29,True,51.74,0.04,0.07,-0.03,2026-03-24,17.53,-0.51,2,17.2,17.2,17.79,False,False
24-03-2026 16:00,CEOEM,21.88,23.5,21.8,23.36,2327266.0,0.14,1.48,0.19,678.95,1.48,421008.5,452.78,0.09,True,74.13,0.24,0.09,0.15,2026-03-24,21.5,8.65,0,,20.9,ATH,False,False
24-03-2026 15:00,AYGAZ,246.3,250.5,245.5,249.4,448290.0,1.1,3.1,0.8,287.5,3.1,139193.6,222.06,0.35,True,65.65,0.92,0.45,0.47,2026-03-24,239.9,3.96,0,,239.1,257.0,False,False
24-03-2026 14:00,HKTM,11.66,12.13,11.6,12.03,1243345.0,0.1,0.37,0.08,340.48,0.37,339975.8,265.72,0.27,True,68.44,0.06,0.01,0.05,2026-03-24,11.63,3.44,0,,11.11,ATH,False,False
24-03-2026 14:00,ARCLK,114.9,117.1,114.8,116.7,269524.0,0.4,1.8,0.31,480.65,1.8,154698.0,74.23,0.22,True,60.3,0.58,0.37,0.21,2026-03-24,116.1,0.52,1,117.1,109.8,117.1,False,False
24-03-2026 14:00,DSTKF,1858.0,1876.0,1855.0,1873.0,163894.0,3.0,15.0,1.1,1263.64,15.0,91110.0,79.89,0.2,True,58.91,10.62,11.15,-0.53,2026-03-24,1871.0,0.11,0,,1817.0,1934.0,False,False
24-03-2026 13:00,GENKM,13.51,14.32,13.51,14.24,33432635.0,0.08,0.73,0.14,414.08,0.73,9799715.2,241.16,0.11,True,64.74,-0.04,-0.16,0.11,2026-03-24,13.3,7.07,0,,12.72,ATH,False,False
24-03-2026 13:00,METRO,5.59,5.84,5.58,5.77,3290681.0,0.07,0.18,0.06,195.08,0.18,1417782.9,132.1,0.39,True,70.69,0.06,0.03,0.03,2026-03-24,5.53,4.34,0,,5.15,ATH,False,False
24-03-2026 13:00,IHAAS,91.4,96.6,89.4,95.5,684787.0,1.1,4.1,0.37,993.33,4.1,310915.2,120.25,0.27,True,74.5,2.37,2.1,0.27,2026-03-24,93.0,2.69,1,96.6,75.9,96.6,False,False
24-03-2026 12:00,BULGS,44.12,45.56,43.98,45.26,3789636.0,0.3,1.14,0.02,7025.0,1.14,1453838.0,160.66,0.26,True,63.51,0.42,0.48,-0.06,2026-03-24,43.86,3.19,1,45.56,43.24,45.56,False,False
24-03-2026 11:00,LMKDC,33.38,34.3,33.34,34.12,1420334.0,0.18,0.74,0.17,345.78,0.74,885136.5,60.46,0.24,True,58.29,-0.19,-0.29,0.1,2026-03-24,33.3,2.46,1,34.3,31.94,34.3,False,False
24-03-2026 11:00,BESTE,24.96,26.14,24.88,26.08,5325793.0,0.06,1.12,0.19,495.74,1.12,3068170.0,73.58,0.05,True,62.44,0.16,-0.01,0.16,2026-03-24,25.4,2.68,0,,23.58,27.2,False,False
24-03-2026 10:00,KIMMR,19.78,20.48,19.51,20.34,1478115.0,0.14,0.56,0.18,218.18,0.56,381714.6,287.23,0.25,True,69.96,0.15,-0.01,0.17,2026-03-24,19.76,2.94,1,20.48,18.3,20.48,False,False
24-03-2026 10:00,OYAKC,23.48,24.12,23.48,23.96,9110422.0,0.16,0.48,0.11,352.83,0.48,2764963.7,229.5,0.33,True,69.39,0.1,0.02,0.08,2026-03-24,23.44,2.22,0,,22.54,ATH,False,False
24-03-2026 10:00,MARBL,12.85,13.32,12.72,13.21,2779479.0,0.11,0.36,0.08,344.44,0.36,757884.1,266.74,0.31,True,72.77,0.13,0.03,0.1,2026-03-24,12.69,4.1,0,,11.85,ATH,False,False
24-03-2026 10:00,TRCAS,40.22,41.2,40.16,41.04,637287.0,0.16,0.82,0.01,10150.0,0.82,346610.0,83.86,0.2,True,53.25,-0.29,-0.33,0.04,2026-03-24,40.18,2.14,0,,39.62,42.3,True,True
24-03-2026 10:00,MEKAG,7.49,7.99,7.26,7.88,25405582.0,0.11,0.39,0.08,406.49,0.39,9205559.9,175.98,0.28,True,81.7,0.2,0.11,0.1,2026-03-24,7.39,6.63,1,7.99,6.5,7.99,False,False
23-03-2026 17:00,SELVA,2.14,2.24,2.13,2.23,15536361.0,0.01,0.09,0.01,1400.0,0.09,7057501.0,120.14,0.11,True,66.93,-0.01,-0.02,0.01,2026-03-23,2.16,3.24,0,,2.06,ATH,False,False
23-03-2026 17:00,IZMDC,6.37,6.97,6.36,6.81,5417058.0,0.16,0.44,0.05,797.96,0.44,1049642.8,416.09,0.36,True,70.93,-0.02,-0.06,0.03,2026-03-23,6.37,6.91,0,,6.14,ATH,False,False
23-03-2026 17:00,DAGI,5.81,5.9,5.81,5.88,1179359.0,0.02,0.07,0.01,775.0,0.07,429681.0,174.47,0.29,True,64.56,0.01,-0.0,0.01,2026-03-23,5.82,1.03,0,,5.65,ATH,False,False
23-03-2026 16:00,TEKTU,8.83,9.06,8.8,9.05,1948575.0,0.01,0.22,0.02,947.62,0.22,962369.3,102.48,0.05,True,56.31,-0.08,-0.1,0.02,2026-03-23,8.87,2.03,0,,8.5,9.44,True,False
23-03-2026 16:00,TEZOL,16.48,16.91,16.46,16.84,1206894.0,0.07,0.36,0.05,592.31,0.36,620735.3,94.43,0.19,True,67.06,0.03,-0.0,0.03,2026-03-23,16.44,2.43,0,,16.0,16.9,False,False
23-03-2026 15:00,SAYAS,41.94,43.0,41.82,43.0,166570.0,0.0,1.06,0.03,3976.92,1.06,110527.7,50.7,0.0,True,50.23,-0.54,-0.44,-0.1,2026-03-23,42.48,1.22,0,,40.94,45.94,False,False
23-03-2026 15:00,TSKB,12.01,12.29,11.96,12.28,3319045.0,0.01,0.27,0.02,1488.24,0.27,2006007.5,65.46,0.04,True,50.92,-0.13,-0.1,-0.02,2026-03-23,12.38,-0.81,0,,11.75,12.68,False,False
23-03-2026 15:00,YEOTK,48.56,50.85,48.38,50.3,2946028.0,0.55,1.74,0.16,980.75,1.74,1556677.4,89.25,0.32,True,57.42,-0.43,-0.42,-0.01,2026-03-23,48.78,3.12,0,,47.24,54.25,False,False
23-03-2026 15:00,MEYSU,13.19,13.92,13.16,13.89,16527024.0,0.03,0.7,0.06,1011.11,0.7,4322531.7,282.35,0.04,True,72.78,0.04,0.01,0.03,2026-03-23,13.25,4.83,0,,12.94,13.95,False,False
23-03-2026 15:00,AKHAN,25.5,26.26,25.46,26.2,1881191.0,0.06,0.7,0.07,872.22,0.7,889964.7,111.38,0.09,True,63.62,0.03,-0.02,0.04,2026-03-23,25.34,3.39,0,,24.8,ATH,False,False
23-03-2026 15:00,FONET,4.84,5.14,4.82,5.14,39213994.0,0.0,0.3,0.07,341.18,0.3,16402644.3,139.07,0.0,True,70.02,0.01,-0.02,0.03,2026-03-23,4.68,9.83,0,,4.43,ATH,False,False
23-03-2026 15:00,HDFGS,3.02,3.13,3.0,3.12,18301750.0,0.01,0.1,0.01,733.33,0.1,9035646.3,102.55,0.1,True,51.39,-0.04,-0.04,-0.0,2026-03-23,3.09,0.97,0,,2.94,3.27,True,True
23-03-2026 15:00,PASEU,119.7,121.2,119.1,121.2,595129.0,0.0,1.5,0.11,1263.64,1.5,318562.2,86.82,0.0,True,53.6,-0.41,-0.45,0.04,2026-03-23,120.5,0.58,0,,117.4,122.0,False,False
23-03-2026 15:00,IHLGM,1.96,2.01,1.96,2.0,2747795.0,0.01,0.04,0.0,900.0,0.04,1806583.9,52.1,0.25,True,50.71,-0.01,-0.01,-0.0,2026-03-23,1.99,0.5,0,,1.93,2.06,False,False
23-03-2026 14:00,EGSER,2.84,2.91,2.83,2.89,1165643.0,0.02,0.05,0.0,1.125899906842629e+17,0.05,473287.2,146.29,0.4,True,49.42,-0.01,-0.0,-0.0,2026-03-23,2.92,-1.03,2,2.83,2.83,2.92,False,False
23-03-2026 11:00,ARTMS,39.74,40.88,39.7,40.58,404115.0,0.3,0.84,0.18,366.67,0.84,268084.8,50.74,0.36,True,77.23,0.53,0.39,0.14,2026-03-23,39.34,3.15,0,,ATL,ATH,False,False
23-03-2026 11:00,CGCAM,34.9,35.9,34.68,35.9,1152438.0,0.0,1.0,0.05,1900.0,1.0,437077.8,163.67,0.0,True,44.89,-0.26,-0.15,-0.11,2026-03-23,35.98,-0.22,0,,34.62,37.8,False,False
23-03-2026 11:00,ODAS,6.03,6.32,6.01,6.28,37008907.0,0.04,0.25,0.04,614.29,0.25,9750361.0,279.56,0.16,True,63.21,-0.01,-0.02,0.02,2026-03-23,6.03,4.15,1,6.32,5.91,6.32,False,False
23-03-2026 10:00,DURKN,18.0,19.7,17.99,19.28,6838801.0,0.42,1.28,0.12,1013.04,1.28,1031103.6,563.25,0.33,True,77.68,0.13,0.05,0.08,2026-03-23,18.0,7.11,0,,17.46,ATH,False,False
23-03-2026 10:00,ZGYO,27.8,29.1,26.7,29.1,5818452.0,0.0,1.3,0.24,441.67,1.3,2862538.9,103.26,0.0,True,78.67,0.68,0.26,0.42,2026-03-23,26.46,9.98,1,29.1,23.48,ATH,False,False
23-03-2026 10:00,SISE,43.7,46.8,43.66,46.3,39913392.0,0.5,2.6,0.41,537.25,2.6,13275698.8,200.65,0.19,True,66.08,0.41,0.34,0.08,2026-03-23,44.26,4.61,0,,43.22,ATH,False,False
23-03-2026 10:00,ARFYE,25.02,26.28,24.88,25.98,4291406.0,0.3,0.96,0.04,2566.67,0.96,963132.9,345.57,0.31,True,65.07,0.18,0.2,-0.02,2026-03-23,25.02,3.84,0,,24.74,ATH,False,False
23-03-2026 10:00,ECOGR,35.36,36.68,33.54,36.42,6863508.0,0.26,1.06,0.2,430.0,1.06,3117266.5,120.18,0.25,True,68.34,0.74,0.82,-0.07,2026-03-23,35.38,2.94,2,33.54,33.54,ATH,False,False
23-03-2026 10:00,KRSTL,8.66,8.96,8.46,8.92,9199808.0,0.04,0.26,0.01,3614.29,0.26,1431674.9,542.59,0.15,True,51.69,-0.06,-0.06,-0.0,2026-03-23,8.74,2.06,3,,8.9,9.12,True,True
19-03-2026 11:30,CATES,46.4,49.34,46.26,48.78,1515707.0,0.56,2.38,0.28,743.97,2.38,558641.7,171.32,0.24,True,61.59,-0.33,-0.62,0.29,2026-03-19,45.1,8.16,0,,44.58,ATH,True,False
19-03-2026 11:30,KCAER,11.65,11.95,11.64,11.93,4369645.0,0.02,0.28,0.02,1066.67,0.28,1204488.0,262.78,0.07,True,53.97,-0.05,-0.03,-0.02,2026-03-19,11.72,1.79,0,,11.7,12.18,False,False
19-03-2026 11:30,IZFAS,52.65,55.1,52.35,55.1,872098.0,0.0,2.45,0.23,988.89,2.45,457389.8,90.67,0.0,True,70.37,0.53,0.39,0.15,2026-03-19,52.35,5.25,0,,ATL,ATH,False,False
19-03-2026 11:30,AKYHO,2.66,2.71,2.65,2.7,201977.0,0.01,0.04,0.01,471.43,0.04,111495.1,81.15,0.25,True,73.19,0.01,0.01,0.01,2026-03-19,2.62,3.05,0,,2.59,2.75,False,False
19-03-2026 10:30,VAKFA,12.22,12.49,12.2,12.48,2260079.0,0.01,0.26,0.02,1633.33,0.26,870461.5,159.64,0.04,True,65.08,0.02,0.02,0.0,2026-03-19,12.27,1.71,0,,ATL,ATH,False,False
19-03-2026 10:30,FORMT,2.94,3.06,2.94,3.04,23774521.0,0.02,0.1,0.03,284.62,0.1,9003759.1,164.05,0.2,True,85.5,0.04,0.02,0.02,2026-03-19,2.86,6.29,1,3.06,2.75,3.06,False,False
19-03-2026 10:30,KLYPV,55.6,56.3,55.5,56.15,135045.0,0.15,0.55,0.01,5400.0,0.55,83375.3,61.97,0.27,True,53.77,-0.04,-0.01,-0.03,2026-03-19,55.8,0.63,0,,55.35,57.0,False,False
19-03-2026 09:30,ALTIN,81.36,82.41,81.01,82.22,3397540.0,0.19,0.86,0.01,12185.71,0.86,1943983.9,74.77,0.22,True,26.09,-0.23,-0.1,-0.13,2026-03-19,82.79,-0.69,0,,ATL,84.25,False,False
18-03-2026 17:00,SOKE,15.0,15.24,14.96,15.23,851926.0,0.01,0.23,0.02,1110.53,0.23,400905.4,112.5,0.04,True,56.44,-0.04,-0.05,0.01,2026-03-18,15.1,0.86,0,,14.76,ATH,False,False
18-03-2026 16:00,IHEVA,2.19,2.23,2.19,2.23,672377.0,0.0,0.04,0.0,1900.0,0.04,289559.3,132.21,0.0,True,57.3,0.0,0.0,0.0,2026-03-18,2.21,0.9,1,2.23,2.19,2.24,False,False
18-03-2026 15:00,TATEN,11.27,12.15,11.24,12.15,17492890.0,0.0,0.88,0.11,685.71,0.88,4926336.4,255.09,0.0,True,67.47,0.07,-0.02,0.09,2026-03-18,11.05,9.95,0,,10.07,ATH,False,False
18-03-2026 14:00,GSRAY,1.16,1.17,1.15,1.17,66192241.0,0.0,0.01,0.0,4.50359962737049e+16,0.01,19533343.2,238.87,0.0,True,65.78,0.01,0.0,0.0,2026-03-18,1.12,4.46,1,1.17,1.11,ATH,False,False
18-03-2026 13:00,HOROZ,55.4,57.2,55.3,56.85,410326.0,0.35,1.45,0.2,643.59,1.45,94608.9,333.71,0.24,True,67.63,-0.02,-0.13,0.12,2026-03-18,55.3,2.8,0,,54.75,ATH,False,False
18-03-2026 13:00,LINK,6.44,6.75,6.44,6.74,28143679.0,0.01,0.3,0.04,710.81,0.3,12447738.4,126.09,0.03,True,88.45,0.16,0.11,0.05,2026-03-18,6.14,9.77,1,6.75,ATL,6.75,False,False
18-03-2026 11:00,TUCLK,4.47,4.65,4.44,4.62,5226024.0,0.03,0.15,0.03,476.92,0.15,1806535.8,189.28,0.2,True,83.93,0.04,0.03,0.02,2026-03-18,4.44,4.05,0,,4.24,ATH,False,False
18-03-2026 11:00,POLHO,22.42,22.88,22.42,22.76,1881887.0,0.12,0.34,0.13,157.58,0.34,991723.7,89.76,0.35,True,83.91,0.41,0.33,0.09,2026-03-18,22.16,2.71,1,22.88,ATL,22.88,False,False
18-03-2026 11:00,NETCD,131.4,139.6,130.6,138.9,2871724.0,0.7,7.5,0.16,4587.5,7.5,1051967.5,172.99,0.09,True,52.84,-1.41,-1.56,0.14,2026-03-18,131.5,5.63,0,,128.1,ATH,False,False
18-03-2026 10:00,BAHKM,135.9,138.7,133.4,138.7,915729.0,0.0,2.8,0.28,900.0,2.8,101440.4,802.73,0.0,True,81.51,2.73,1.3,1.42,2026-03-18,126.1,9.99,1,138.7,ATL,ATH,False,False
18-03-2026 10:00,ENKAI,96.5,98.4,96.5,98.05,3143116.0,0.35,1.55,0.06,2483.33,1.55,974094.9,222.67,0.23,True,72.12,0.53,0.41,0.12,2026-03-18,96.0,2.14,1,98.4,ATL,98.4,False,False
18-03-2026 10:00,SDTTR,219.9,225.4,219.9,225.2,451855.0,0.2,5.3,0.95,457.89,5.3,196387.6,130.08,0.04,True,67.82,0.59,-0.09,0.69,2026-03-18,219.1,2.78,0,,213.1,ATH,False,False
18-03-2026 10:00,MAVI,42.94,44.48,42.9,44.26,3282249.0,0.22,1.32,0.3,345.95,1.32,935273.6,250.94,0.17,True,88.29,0.43,0.21,0.22,2026-03-18,42.88,3.22,0,,41.04,ATH,False,False
18-03-2026 10:00,ECILC,118.3,124.3,118.3,124.0,2198039.0,0.3,5.7,0.79,621.52,5.7,471340.9,366.34,0.05,True,75.28,0.54,0.0,0.54,2026-03-18,118.2,4.91,0,,114.4,ATH,False,False
18-03-2026 10:00,MHRGY,3.45,3.47,3.44,3.47,692786.0,0.0,0.02,0.0,566.67,0.02,286647.0,141.69,0.0,True,67.8,0.01,0.01,0.0,2026-03-18,3.45,0.58,0,,3.35,ATH,False,False
18-03-2026 10:00,ANGEN,10.36,10.44,10.34,10.43,372202.0,0.01,0.07,0.0,2233.33,0.07,143684.2,159.04,0.14,True,73.91,0.02,0.02,0.01,2026-03-18,10.33,0.97,0,,ATL,ATH,False,False
17-03-2026 17:00,TRENJ,104.7,105.5,103.8,105.5,363067.0,0.0,0.8,0.11,627.27,0.8,143929.7,152.25,0.0,True,47.96,-0.32,-0.43,0.1,2026-03-17,104.1,1.34,0,,103.2,ATH,False,False
17-03-2026 17:00,ADGYO,56.5,57.95,56.4,57.7,251424.0,0.25,1.2,0.27,344.44,1.2,145215.0,73.14,0.21,True,81.47,0.7,0.54,0.16,2026-03-17,54.45,5.97,0,,ATL,ATH,False,False
17-03-2026 17:00,TRMET,145.0,145.8,144.5,145.7,720620.0,0.1,0.7,0.03,2233.33,0.7,452573.7,59.23,0.14,True,43.02,-0.23,-0.27,0.04,2026-03-17,145.0,0.48,0,,144.0,147.3,False,False
17-03-2026 16:00,GIPTA,73.15,77.45,73.05,76.55,2217519.0,0.9,3.4,0.24,1316.67,3.4,1044263.1,112.35,0.26,True,82.25,1.23,1.02,0.21,2026-03-17,70.45,8.66,1,77.45,ATL,77.45,False,False
17-03-2026 16:00,ALTNY,14.98,15.23,14.97,15.16,3710459.0,0.07,0.18,0.01,1536.36,0.18,1854891.5,100.04,0.39,True,62.91,0.01,-0.01,0.01,2026-03-17,14.93,1.54,0,,14.91,ATH,False,False
17-03-2026 16:00,HATEK,14.88,15.15,14.85,15.11,1449082.0,0.04,0.23,0.03,641.94,0.23,279332.4,418.77,0.17,True,77.07,0.05,0.02,0.03,2026-03-17,14.73,2.58,0,,ATL,ATH,False,False
17-03-2026 16:00,EUREN,4.75,4.79,4.74,4.79,3860542.0,0.0,0.04,0.0,1900.0,0.04,2472494.2,56.14,0.0,True,64.88,0.01,0.01,0.0,2026-03-17,4.71,1.7,0,,4.67,ATH,False,False
17-03-2026 15:00,BORLS,2.82,2.87,2.82,2.86,3302288.0,0.01,0.04,0.01,566.67,0.04,1528688.4,116.02,0.25,True,59.88,-0.0,-0.0,0.0,2026-03-17,2.83,1.06,0,,2.79,ATH,False,False
17-03-2026 14:00,GSDDE,10.0,10.24,10.0,10.21,522652.0,0.03,0.21,0.01,2233.33,0.21,274863.4,90.15,0.14,True,47.63,-0.04,-0.05,0.01,2026-03-17,9.97,2.41,0,,9.8,ATH,False,False
17-03-2026 14:00,PAPIL,15.92,16.14,15.91,16.09,2637853.0,0.05,0.17,0.01,3300.0,0.17,1265016.4,108.52,0.29,True,62.18,0.01,0.01,0.0,2026-03-17,15.96,0.81,0,,15.8,ATH,False,False
17-03-2026 14:00,KRDMA,30.98,32.16,30.9,31.86,4628276.0,0.3,0.88,0.17,430.12,0.88,1366502.7,238.69,0.34,True,85.26,0.25,0.12,0.12,2026-03-17,30.06,5.99,0,,ATL,ATH,False,False
17-03-2026 13:00,EPLAS,6.36,6.49,6.36,6.46,1390556.0,0.03,0.1,0.01,733.33,0.1,725024.9,91.79,0.3,True,69.18,0.02,0.01,0.01,2026-03-17,6.39,1.1,0,,6.26,6.58,False,False
17-03-2026 12:00,ICBCT,15.13,15.93,15.12,15.84,1940563.0,0.09,0.71,0.15,364.05,0.71,626132.8,209.93,0.13,True,77.69,0.11,0.02,0.09,2026-03-17,14.59,8.57,0,,ATL,ATH,False,False
17-03-2026 12:00,IMASM,3.69,3.75,3.68,3.74,3910423.0,0.01,0.05,0.01,455.56,0.05,1805065.1,116.64,0.2,True,75.62,0.01,0.0,0.01,2026-03-17,3.68,1.63,0,,3.61,ATH,False,False
17-03-2026 12:00,OSMEN,7.58,7.66,7.56,7.65,421781.0,0.01,0.07,0.0,3400.0,0.07,181491.0,132.4,0.14,True,62.09,0.01,-0.0,0.01,2026-03-17,7.5,2.0,0,,7.47,7.68,False,False
17-03-2026 12:00,KOPOL,6.5,6.91,6.5,6.84,20161466.0,0.07,0.34,0.04,672.73,0.34,6732166.2,199.48,0.21,True,65.07,0.07,0.04,0.03,2026-03-17,6.5,5.23,1,6.91,6.09,6.91,False,False
17-03-2026 11:00,DMSAS,8.65,9.25,8.64,9.11,1894410.0,0.14,0.46,0.07,596.97,0.46,440558.3,330.0,0.3,True,80.59,0.05,0.02,0.03,2026-03-17,8.59,6.05,0,,ATL,ATH,False,False
17-03-2026 10:00,DENGE,2.47,2.5,2.46,2.5,2751854.0,0.0,0.03,0.01,328.57,0.03,1087447.0,153.06,0.0,True,55.68,-0.0,-0.0,0.0,2026-03-17,2.45,2.04,0,,2.45,ATH,False,False
17-03-2026 10:00,ARZUM,2.64,2.71,2.64,2.7,2116587.0,0.01,0.06,0.0,1100.0,0.06,950981.9,122.57,0.17,True,61.26,-0.0,-0.0,0.0,2026-03-17,2.65,1.89,0,,2.62,ATH,False,False
17-03-2026 10:00,BTCIM,6.35,6.55,6.33,6.52,23134433.0,0.03,0.17,0.02,639.13,0.17,8834833.6,161.85,0.18,True,80.23,0.03,0.01,0.01,2026-03-17,6.3,3.49,0,,ATL,ATH,False,False
17-03-2026 10:00,VAKFN,1.89,1.92,1.88,1.92,13115910.0,0.0,0.03,0.0,2900.0,0.03,3631542.6,261.17,0.0,True,78.34,0.0,-0.0,0.0,2026-03-17,1.88,2.13,0,,1.86,ATH,False,False
17-03-2026 10:00,ALBRK,8.21,8.33,8.21,8.3,5013918.0,0.03,0.09,0.02,500.0,0.09,1776960.6,182.16,0.33,True,67.16,0.01,0.01,0.01,2026-03-17,8.18,1.47,0,,ATL,8.37,False,False
17-03-2026 10:00,OZSUB,22.16,24.36,22.04,24.1,6560233.0,0.26,1.94,0.2,889.8,1.94,806430.4,713.49,0.13,True,81.11,0.1,-0.0,0.11,2026-03-17,22.16,8.75,1,24.36,ATL,24.36,False,False
17-03-2026 10:00,XBANK,16796.89,17075.63,16785.99,17007.74,230850927.0,67.89,210.85,27.01,680.78,210.85,83228932.6,177.37,0.32,True,68.27,24.36,3.35,21.01,2026-03-17,16675.22,1.99,0,,16491.36,ATH,False,False
17-03-2026 10:00,AKBNK,73.3,74.6,73.2,74.25,32168903.0,0.35,0.95,0.08,1087.5,0.95,9992553.4,221.93,0.37,True,67.64,0.13,0.03,0.1,2026-03-17,72.7,2.13,0,,71.8,ATH,False,False
17-03-2026 10:00,GARAN,134.4,137.9,134.4,137.6,5589670.0,0.3,3.2,0.41,680.49,3.2,2880173.6,94.07,0.09,True,73.73,0.39,0.16,0.23,2026-03-17,134.1,2.61,0,,131.9,ATH,False,False
17-03-2026 10:00,KLKIM,39.94,40.74,39.94,40.56,512374.0,0.18,0.62,0.02,3000.0,0.62,143507.7,257.04,0.29,True,61.98,0.01,-0.01,0.02,2026-03-17,39.8,1.91,0,,ATL,ATH,False,False
16-03-2026 16:00,THYAO,290.75,293.25,289.5,293.0,5568497.0,0.25,2.25,0.05,4400.0,2.25,2843853.9,95.81,0.11,True,62.04,-0.05,-0.16,0.11,2026-03-16,292.25,0.26,0,,ATL,ATH,False,False
16-03-2026 15:00,KATMR,2.85,2.91,2.85,2.91,27078606.0,0.0,0.06,0.0,1900.0,0.06,10961689.8,147.03,0.0,True,74.63,0.0,0.0,0.0,2026-03-16,2.84,2.46,0,,ATL,ATH,False,False
16-03-2026 15:00,NIBAS,8.13,8.68,8.11,8.64,1303420.0,0.04,0.51,0.07,672.73,0.51,522302.3,149.55,0.08,True,81.75,0.02,0.0,0.02,2026-03-16,8.23,4.98,1,8.68,ATL,8.68,False,False
16-03-2026 15:00,TCKRC,89.4,93.05,88.85,92.65,454922.0,0.4,3.25,0.09,3511.11,3.25,219358.4,107.39,0.12,True,65.25,0.05,0.01,0.04,2026-03-16,91.0,1.81,2,88.85,88.85,ATH,False,False
13-03-2026 11:00,TURSG,12.78,12.96,12.76,12.94,11060211.0,0.02,0.16,0.01,1677.78,0.16,6712319.0,64.77,0.13,True,76.49,0.06,0.06,0.01,2026-03-13,12.9,0.31,0,,12.68,ATH,False,False
12-03-2026 14:00,ISCTR,14.6,14.98,14.6,14.89,160400550.0,0.09,0.29,0.06,383.33,0.29,60235914.0,166.29,0.31,True,74.46,0.02,0.01,0.02,2026-03-12,14.6,1.99,1,14.98,ATL,14.98,False,False
